Temperature (K)	Pressure (MPa)	Density (kg/m3)	Volume (m3/kg)	Internal Energy (kJ/kg)	Enthalpy (kJ/kg)	Entropy (J/g*K)	Cv (J/g*K)	Cp (J/g*K)	Sound Spd. (m/s)	Joule-Thomson (K/MPa)	Viscosity (Pa*s)	Therm. Cond. (W/m*K)	Phase
95.0	1.0	446.39122114431854	0.0022401874244670672	-57.944549888480246	-55.70436246401355	-0.5600521507062586	2.143729662669123	3.378076491151019	1506.2112776083538	-0.4738946136481659	0.00018167876634810125	0.20688618428200153	liquid
96.28140703517587	1.0	444.6685582143213	0.0022488659958683657	-53.62107281947593	-51.37220682360725	-0.5147554049162433	2.136406838023532	3.3835371402885053	1494.3881135624624	-0.4706949242015029	0.00017486351555675604	0.20529223834257296	liquid
97.56281407035176	1.0	442.9371427658698	0.002257656681838907	-49.290511480684096	-47.032854798845676	-0.46998329805225836	2.1292810336696264	3.389304856957891	1482.483586292624	-0.46735258715448297	0.00016847909426409032	0.20367540901017106	liquid
98.84422110552764	1.0	441.1966403594209	0.002266563043601941	-44.95248871784199	-42.6859256742409	-0.42571826079715863	2.1223271296705346	3.39536064815701	1470.5009855729206	-0.4638668142722898	0.00016248741417093017	0.2020373814816442	liquid
100.12562814070351	1.0	439.4467089490553	0.0022755887793346275	-40.6066484485139	-38.33105966917876	-0.3819436132900209	2.1155241437406964	3.4016907100033094	1458.4430501507538	-0.46023572859279416	0.000156854507339734	0.20037973481076457	liquid
101.4070351758794	1.0	437.6869975458023	0.0022847377363440042	-36.25264946811242	-33.96791173176911	-0.33864345827634756	2.1088546075026464	3.408285755643352	1446.3120188140447	-0.4564564623797322	0.00015155000850105785	0.19870394795661875	liquid
102.68844221105527	1.0	435.9171449024979	0.0022940139237323898	-31.89016004575726	-29.59614612202518	-0.2958025887046135	2.102304037167367	3.415140452499226	1434.1096746573387	-0.4525252358191846	0.00014654670899047023	0.19701140537427272	liquid
103.96984924623115	1.0	434.13677820328127	0.002303421525673546	-27.518853180286534	-25.21543165461276	-0.2534064074374789	2.0958604842347794	3.422252953244672	1421.8373832673465	-0.4484374186905159	0.0001418201717069739	0.19530340217993433	liquid
105.25125628140704	1.0	432.34551174179506	0.0023129649154244466	-23.138402405038065	-20.825437489614295	-0.21144085712104863	2.0895141540998123	3.429624507486222	1409.496125471695	-0.44418757688891597	0.00013734839813763563	0.193581148919562	liquid
106.53266331658291	1.0	430.5429455727995	0.002322648670203127	-18.74847804528156	-16.4258293750776	-0.16989235856543317	2.0832570823612193	3.4372591433002606	1397.0865252200372	-0.4397695053563235	0.00013311153987772753	0.19184577596690994	liquid
107.8140703517588	1.0	428.7286641222175	0.002332477587071086	-14.348743844885046	-12.016266257814062	-0.12874775624607987	2.0770828602298557	3.4451634096180066	1384.6088730961867	-0.435176248688237	0.00012909164823664152	0.19009833757424527	liquid
109.09547738693468	1.0	426.90223474061435	0.0023424566999692554	-9.938853889283736	-7.596397189313701	-0.08799426974723544	2.0709864017744524	3.453346172018845	1372.063145894136	-0.43040011042187665	0.00012527245649463664	0.18833981559642643	liquid
110.37688442211055	1.0	425.0632061848683	0.0023525912980693993	-5.518449760564958	-3.1658584624965074	-0.047619450144427644	2.0649637468700908	3.461818455839502	1359.4490226299765	-0.425432651771916	0.00012163919019528028	0.18657112290669678	liquid
111.65829145728644	1.0	423.21110701215173	0.00236288694561905	-1.0871578674379987	1.275729078181112	-0.007611140466896245	2.059011894662998	3.470593331671778	1346.7658973055738	-0.42026468035997044	0.000118178401548589	0.18479310652025102	liquid
112.93969849246231	1.0	421.34544386951234	0.002373349503476992	3.3554131013925934	5.728762604869054	0.03204256049983088	2.0531286631662025	3.4796858393455405	1334.0128886882474	-0.4148862292776238	0.00011487782460197148	0.1830065504395632	liquid
114.2211055276382	1.0	419.4656996610894	0.0023839851525594533	7.809674647557367	10.193659800116407	0.07135333171390493	2.0473125712774394	3.48911294740277	1321.188847322962	-0.4092865266266588	0.00011172624832742093	0.18121217823334818	liquid
115.50251256281408	1.0	417.5713315734863	0.002394800419444061	12.276060900795185	14.670861320239007	0.11033266124339398	2.04156274008521	3.4988935458947497	1308.2923599490855	-0.40345395548851387	0.00010871340518894098	0.17941065535907288	liquid
116.78391959798995	1.0	415.66176893785627	0.002405802204410831	16.75503106562712	19.160833270037905	0.14899187599936736	2.0358788108172288	3.5090484710981706	1295.3217514519677	-0.3973760040841929	0.00010582987310587486	0.177602591236899	liquid
118.06532663316582	1.0	413.73641090489474	0.0024169978122371956	21.247071916999126	23.66406972923576	0.1873421702867228	2.0302608772028603	3.519600561474027	1282.2750844396414	-0.39103920568991535	0.00010306698902596863	0.17578854108095926	liquid
119.34673366834171	1.0	411.7946239060612	0.0024283949861087077	25.752700384506255	28.18109537061416	0.22539463358617626	2.0247094303791178	3.5305747449051226	1269.1501564961777	-0.3844290676679459	0.0001004167725750339	0.17396900749180946	liquid
120.62814070351759	1.0	409.8357388708845	0.0024400019450598527	30.272466265289353	32.712468210349485	0.2631602779541619	2.0192253147786423	3.5419981579677193	1255.944495124467	-0.3775299887498684	9.787185846504379e-05	0.17214444181175564	liquid
121.90954773869348	1.0	407.85904816608365	0.0024518274254217145	34.8069551070361	37.25878253245797	0.3006500654105933	2.0138096937069743	3.5539002987432684	1242.6553503520772	-0.3703251634645109	9.542543652538652e-05	0.17031524524249356	liquid
123.19095477386935	1.0	405.86380221725994	0.0024638807268274132	39.35679130492762	41.8206720317553	0.337874935677366	2.008464023552241	3.5663132154830612	1229.2796849326162	-0.36279647232659396	9.307119837766589e-05	0.16848176972205225	liquid
124.47236180904522	1.0	403.84920576801824	0.0024761717634141558	43.92264145976503	46.39881322317958	0.3748458346325326	2.003190035780645	3.579271734332411	1215.8141620311562	-0.3549243560854993	9.080328990712717e-05	0.16664431855535727	liquid
125.7537688442211	1.0	401.8144137242427	0.0024887111209661093	48.505218049190326	50.993929170156655	0.4115737438569265	1.9979897260609683	3.592813730334496	1202.2551302338418	-0.3466876719650439	8.861626879684101e-05	0.16480314678972585	liquid
127.03517587939699	1.0	399.75852652274534	0.0025015101208681846	53.10528346990255	55.60679359077053	0.4480697116718375	1.9928653500370312	3.6069804471111233	1188.5986056675724	-0.3380635293903615	8.650506648723104e-05	0.16295846132323616	liquid
128.31658291457288	1.0	397.68058495322646	0.0025145808918924616	57.723654516408715	60.238235408301215	0.4843448860992096	1.9878194254334802	3.6218168720090773	1174.840250953314	-0.3290271021794965	8.446495400571391e-05	0.16111042073002615	liquid
129.59798994974875	1.0	395.57956435005696	0.0025279364510222228	62.361207371408774	64.88914382243092	0.5204105502213698	1.9828547403431096	3.6373721751723855	1160.9753506437173	-0.31955141355277394	8.249151118118304e-05	0.1592591347820557	liquid
130.87939698492463	1.0	393.4543680553224	0.002541590794740886	67.01888319478302	69.56047398952373	0.5562781604773523	1.9779743677085682	3.6537002230360223	1146.9987827093864	-0.3096070895542305	8.058059881752229e-05	0.15740466364155592	liquid
132.1608040201005	1.0	391.30382003616893	0.002555559002484484	71.6976944128822	74.25325341536632	0.5919593885102364	1.9731816861842109	3.6708601792440443	1132.9049855340265	-0.2991620755498403	7.872833345060453e-05	0.1555470166920674	liquid
133.4422110552764	1.0	389.12665651694283	0.002569857354289115	76.39873182807372	78.96858918236269	0.627466167278359	1.9684804077521103	3.6889172091165143	1118.687919752097	-0.2881813093199377	7.693106435548944e-05	0.15368615096836286	liquid
134.72361809045225	1.0	386.921516458821	0.0025845034650752675	81.12317269116095	83.70767615623637	0.6628107422677196	1.9638746126784843	3.7079433077122155	1104.3410241065812	-0.27662634283642973	7.518535250562498e-05	0.1518219691363351	liquid
136.00502512562815	1.0	384.68693068514716	0.002599516438520406	85.87228990755244	88.47180634607281	0.6980057287997365	1.9593687926440777	3.728018276509431	1089.8571643106363	-0.2644549030278067	7.348795121447077e-05	0.14995431696260128	liquid
137.28643216080403	1.0	382.42130940770426	0.0026149170441072027	90.64746258334469	93.26237962745193	0.7330641766263646	1.954967903178028	3.7492308800923597	1075.2285736538893	-0.2516203795786842	7.1835788212564e-05	0.14808298019965288	liquid
138.5678391959799	1.0	380.1229278550708	0.0026307279217350162	95.45018816200265	98.08091608373739	0.7679996432553384	1.9506774268877005	3.771680222447289	1060.446783786344	-0.2380712249403663	7.022594892980989e-05	0.14620768079490573	liquid
139.84924623115577	1.0	377.7899096358453	0.002646973819295248	100.28209645855145	102.92907027784737	0.8028262777666797	1.9465034494314133	3.7954773931734285	1045.5025437206612	-0.22375024804890314	6.865566076378962e-05	0.1443280723101277	liquid
141.13065326633165	1.0	375.420207382276	0.002663681869904617	105.14496596999543	107.80864783989998	0.8375589172892695	1.9424527507596847	3.820747447979786	1030.3857245885422	-0.2085937784884519	6.712227811976878e-05	0.14244373440988767	liquid
142.41206030150755	1.0	373.0115801076501	0.0026808819171549657	110.04074293286259	112.72162485001721	0.8722131988309574	1.9385329148996275	3.847631806509734	1015.0852070318924	-0.1925306716302732	6.562326800627297e-05	0.14055416624202322	liquid
143.69346733668343	1.0	370.56156656525405	0.0026986068988994975	114.97156371828696	117.67017061718613	0.90680568983723	1.9347524625396466	3.8762911755695257	999.5887472515285	-0.175481117103567	6.415619596049786e-05	0.13865877848704405	liquid
144.9748743718593	1.0	368.06745370604426	0.002716893302928779	119.93978131129907	122.656674614228	0.9413540417457802	1.9311210119785678	3.9069091397715843	983.8828166028715	-0.15735520208319892	6.271871205871567e-05	0.13675688379315706	liquid
146.25628140703517	1.0	365.5262390798628	0.002735781711642082	124.94799682745706	127.6837785390992	0.9758771719847616	1.9276494757641187	3.939696608137844	967.9524081154653	-0.13805116626561365	6.130853673573759e-05	0.1348476852341059	liquid
147.53768844221105	1.0	362.93458568744626	0.0027553174578440003	129.99909729559812	132.75441475344195	1.0103954814403335	1.9243503027495383	3.9748973698176244	951.7808012737621	-0.11745326553425436	5.992344609060091e-05	0.13293026232088528	liquid
148.81909547738695	1.0	360.2887673333615	0.002775551420604623	135.09630132636957	137.8718527217915	1.0449311166508364	1.9212377786140706	4.012795103476758	935.3492734917833	-0.09542913376478719	5.856125628760475e-05	0.13100355395499924	liquid
150.10050251256283	1.0	15.517918164621191	0.06444163381914646	493.11721675415646	557.5588505732837	3.858951626209539	1.7543323417519545	2.8362145082546912	287.95408375112817	17.708546300362315	5.892689106402017e-06	0.018271516714753026	vapor
151.3819095477387	1.0	15.287676521461869	0.06541216375138058	495.7502944600107	561.1624582113819	3.882857974677591	1.7396899777667172	2.7894114217604487	290.3804924798682	17.31346605220786	5.955663637589246e-06	0.01832553653210588	vapor
152.66331658291458	1.0	15.067674230600298	0.0663672431919946	498.34300774683646	564.7102509388267	3.9061956226557286	1.7274121287502533	2.7488458692146485	292.7349278673915	16.940871403481392	6.017319676892755e-06	0.018388351934348904	vapor
153.94472361809045	1.0	14.856954304812515	0.0673085465219528	500.90079165441585	568.2093381763665	3.92902046055667	1.716952748507499	2.7132058105574988	295.02613504622263	16.58805782063727	6.077876892927802e-06	0.018458908745947297	vapor
155.22613065326635	1.0	14.654711707665093	0.06823743925832083	503.4279387470277	571.6653780053479	3.951377598105775	1.7079088281914414	2.6815186932481043	297.2610866094974	16.25276109717092	6.137498165023532e-06	0.0185363188945057	vapor
156.5075376884422	1.0	14.460259281580738	0.06915505320667278	505.92789292287426	575.0829461295467	3.973304086654451	1.6999809910989752	2.6530543862613305	299.44541484295416	15.933087106424457	6.196306523282288e-06	0.01861982748486293	vapor
157.7889447236181	1.0	14.273003023515146	0.07006234065476437	508.4034601936742	578.4658008484383	3.994830868585415	1.692945405512227	2.627257923257693	301.58373056070445	15.627448985806705	6.254396704058323e-06	0.01870878803184309	vapor
159.07035175879398	1.0	14.092423813917128	0.07096011397361177	510.85696152619516	581.8170754998068	4.015984189943201	1.6866336066060867	2.6037022605677835	303.67985933198725	15.3345129236781	6.3118431070802725e-06	0.018802643468653416	vapor
160.35175879396985	1.0	13.91806367957854	0.07184907491602176	513.2903447523363	585.139419668358	4.036786635515959	1.680917904862727	2.582054705201767	305.7370173648621	15.053152455131345	6.3687053234442015e-06	0.01890091134121949	vapor
161.63316582914575	1.0	13.749515294085121	0.07272983655141561	515.7052672554007	588.4351038068163	4.057257895402051	1.6757007755249507	2.562052814078934	307.7579431829796	14.782410543254155	6.42503200940273e-06	0.019003172102430944	vapor
162.9145728643216	1.0	13.586413825973008	0.07360293987868309	518.1031575982981	591.7060974769811	4.077415338704156	1.6709071059904848	2.5434869355157836	309.74499680942307	14.521468467420247	6.48086362489397e-06	0.019109059748666828	vapor
164.1959798994975	1.0	13.428430514492458	0.07446886655300208	520.4852618524948	594.9541284054968	4.097274447419302	1.6664785076698558	2.526187457837992	311.7002349776852	14.269620493319923	6.5362343873943045e-06	0.019218254260470486	vapor
165.47738693467338	1.0	13.275267534836697	0.0753280487474787	522.852678727934	598.1807274754127	4.116849148121515	1.6623691270398515	2.510015424228643	313.6254685810839	14.026253359409894	6.591173679740544e-06	0.0193304754596135	vapor
166.75879396984925	1.0	13.12665383916338	0.0761808768824618	525.2063864475828	601.3872633300446	4.136152068305187	1.6585425503647102	2.4948555743653578	315.52230690124287	13.790829721947071	6.645707075457664e-06	0.01944547800057808	vapor
168.04020100502512	1.0	12.982341745997655	0.07702770575333925	527.547263495544	604.5749692488832	4.155194736742016	1.6549695094093353	2.480611148326613	317.3921919454715	13.562874822673834	6.699857094335359e-06	0.019563047291223226	vapor
169.321608040201	1.0	12.842104111116532	0.07786885944448685	529.8761047886817	607.7449642331685	4.173987741893029	1.6516261758247703	2.467199978763105	319.2364253436056	13.341965762179797	6.753643766414636e-06	0.019682996195435096	vapor
170.6030150753769	1.0	12.705731955950247	0.07870463531474768	532.1936344070641	610.8982697218117	4.19254085863401	1.6484928894899238	2.4545515307051238	321.0561896147768	13.12772286977738	6.807085058859969e-06	0.019805162417151648	vapor
171.88442211055278	1.0	12.5730324603394	0.0795353072661204	534.5005157195517	614.0358229856721	4.210863150838274	1.6455532076281065	2.4426046425851813	322.85256514726103	12.919802754340015	6.860197203883796e-06	0.019929406506004364	vapor
173.16582914572865	1.0	12.443827248820877	0.08036112845384892	536.7973595239491	617.158487977798	4.228963055401024	1.6427931916170901	2.431305789122907	324.6265438922936	12.717892699649406	6.912994954605448e-06	0.020055610465277315	vapor
174.44723618090453	1.0	12.317950915979921	0.08118233355701335	539.0847306629042	620.2670642199174	4.246848451865621	1.640200870322058	2.4206077348001607	326.3790405211969	12.521706133423734	6.965491787883804e-06	0.02018367698917218	vapor
175.7286432160804	1.0	12.19524974851909	0.08199914069996256	541.3631534607026	623.3622941606652	4.264526720771814	1.6377658347926882	2.4104684813407227	328.11090160962397	12.330978952957459	7.01770006768795e-06	0.020313529417461243	vapor
177.0100502512563	1.0	12.075580610753674	0.0828117530936334	543.6331162406152	626.4448693342484	4.282004793081672	1.635478930907393	2.400850437775375	329.82291327532937	12.145466533943962	7.069631178732577e-06	0.020445112586480584	vapor
178.29145728643215	1.0	11.958809967086072	0.08362036044993394	545.8950751191751	629.5154355691091	4.299289192474441	1.6333320251847347	2.3917197600283244	331.5158075937307	11.964941284244132	7.121295637403245e-06	0.020578394903893814	vapor
179.57286432160805	1.0	11.844813020232703	0.08442514021047451	548.1494572267275	632.5745974372019	4.316386071882241	1.6313178253526146	2.383045820413396	333.19026803927085	11.789190632604486	7.172703185086479e-06	0.020713372236256463	vapor
180.85427135678393	1.0	11.733472948000815	0.08522625862195243	550.3966634684701	635.6229220904225	4.3333012453255755	1.629429741976213	2.3748007773327755	334.846934143409	11.618015364908286	7.2238628676629935e-06	0.020850074692377506	vapor
182.1356783919598	1.0	11.624680224543262	0.0860238716836867	552.6370709138813	638.660942597568	4.35004021587266	1.6276617809359546	2.366959222794585	336.48640551700987	11.451228238545681	7.2747831039537265e-06	0.02098857838776818	vapor
183.4170854271357	1.0	11.518332014479656	0.08681812598759121	554.8710348826089	641.6891608702	4.36660820036909	1.6260084591379824	2.3594978908033113	338.1092453523169	11.288652819813231	7.325471745212864e-06	0.021129026485428398	vapor
184.69849246231155	1.0	11.414331630223346	0.08760915946687216	557.0988907798999	644.708050246772	4.383010151449767	1.6244647377665922	2.3523954137308816	339.7159834949233	11.130122500631385	7.375936127259781e-06	0.021271669208882724	vapor
185.97989949748745	1.0	11.312588044415367	0.08839710206663676	559.3209557232777	647.7180577899146	4.3992507772420115	1.623025968823053	2.34563211681007	341.3071191572299	10.975479659895601	7.426183116476189e-06	0.021416947630790016	vapor
187.26130653266333	1.0	11.213015450627607	0.08918207634718177	561.5375299934794	650.7196063406611	4.415334559089627	1.621687851765323	2.3391898431715608	342.883123330338	10.82457494193171	7.476219150626611e-06	0.021565697151866927	vapor
188.5427135678392	1.0	11.11553286652419	0.08996419802883444	563.748898336003	653.7130963648374	4.431265767566397	1.620446397861816	2.3330518035655134	344.44444094010174	10.677266630192452	7.526050275261817e-06	0.021719779673496913	vapor
189.8241206030151	1.0	11.020063774513037	0.09074357648571674	565.9553311344926	656.6989076202093	4.447048476999692	1.6192979004690926	2.3272024462107597	345.99149278434385	10.533420098818048	7.575682176316253e-06	0.02188539788321905	vapor
191.10552763819095	1.0	10.926535795616811	0.0915203151946064	568.1570854731938	659.6774006678002	4.462686578687256	1.6182389098893826	2.3216273432051024	347.5246772814237	10.392907328232269	7.625120209398042e-06	0.022016963420115235	vapor
192.38693467336685	1.0	10.834880392873117	0.09229451214410933	570.3544061026228	662.6489182467321	4.478183792960547	1.6172662117975065	2.3163130906864655	349.0443720549943	10.255606473752803	7.674369426184113e-06	0.022117176069468805	vapor
193.66834170854273	1.0	10.745032601061054	0.09306626020857785	572.5475263201461	665.613786528724	4.493543680224141	1.6163768084763743	2.3112472205147974	350.55093537554126	10.121401478415159	7.723434598265851e-06	0.022233543204157574	vapor
194.9497487437186	1.0	10.656930779962096	0.09383564749057671	574.7366687752516	668.5723162658284	4.50876965108164	1.6155679022870963	2.306418121691793	352.04470747592495	9.990181722964811	7.77232023873813e-06	0.022356421511309073	vapor
196.23115577889448	1.0	10.570516388712237	0.09460275763517603	576.922046207756	671.5248038429322	4.5238649756429155	1.6148368809395581	2.3018149700817467	353.52601175543276	9.861841707361164	7.821030621782315e-06	0.022483159377814293	vapor
197.51256281407035	1.0	10.485733779099997	0.09536767011891763	579.1038621259655	674.4715322448832	4.538832792094744	1.6141813042339788	2.2974276652665755	354.99515588466335	9.73628075923585	7.869569800459681e-06	0.022612564807302615	vapor
198.79396984924625	1.0	10.402530005920067	0.09613046051594192	581.2823114308114	677.4127719467534	4.553676114606426	1.6135988920223279	2.2932467735791247	356.4524328217794	9.613402765617076	7.917941622903447e-06	0.02274398025203822	vapor
200.0753768844221	1.0	10.320854652712404	0.09689120074345703	583.4575809911768	680.3487817346338	4.568397840633023	1.613087513197111	2.2892634765252753	357.89812174920553	9.493115924920929	7.966149747074632e-06	0.022876997743349625	vapor
201.356783919598	1.0	10.240659671406632	0.09764995928847642	585.629850174957	683.2798094634336	4.583000757671625	1.6126451755589144	2.2854695239371354	359.3324889386414	9.375332516756075	8.01419765422665e-06	0.02301134392551128	vapor
202.63819095477388	1.0	10.161899234556975	0.09840680141753017	587.799291339849	686.2060927573791	4.597487549519619	1.6122700164469896	2.2818571913049244	360.7557885512511	9.259968687522427	8.062088661207275e-06	0.02314682544214507	vapor
203.91959798994975	1.0	10.084529598996646	0.09916178937086906	589.9660702873936	689.1278596582625	4.611860802078621	1.611960294041762	2.2784192408196846	362.1682633790525	9.146944250128021	8.109825931711944e-06	0.023283299941755774	vapor
205.20100502512565	1.0	10.00850897986678	0.0999149825425156	592.130346683416	692.0453292259315	4.626123008743172	1.6117143792666244	2.2751488857274786	363.57014553281465	9.036182496423839	8.157412486589859e-06	0.023420659379081422	vapor
206.4824120603015	1.0	9.933797434085065	0.10066643764737722	594.2922744476582	694.9587120950355	4.640276575409151	1.611530748230246	2.272039757651618	364.9616570811655	8.92761002117489	8.204851213293573e-06	0.02355881977774864	vapor
207.7638190954774	1.0	9.860356752416525	0.10141620887651202	596.4520021151314	697.8682109916435	4.654323825133512	1.6114079751610857	2.26908587658541	366.34301064510015	8.821156556561949	8.252144874553067e-06	0.023697714634650858	vapor
209.04522613065328	1.0	9.788150359394416	0.1021643480415302	598.6096731714455	700.7740212129758	4.668267002473761	1.6113447257936995	2.2662816232960403	367.7144099516232	8.716754816349907	8.29929611634689e-06	0.023837290494988457	vapor
210.32663316582915	1.0	9.717143220414838	0.10291090470901886	600.7654263641813	703.6763310732	4.682108277532976	1.6113397511724459	2.2636217139120127	369.07605034988467	8.614340348972602	8.346307475235703e-06	0.02397750388179215	vapor
211.60804020100505	1.0	9.647301755395734	0.10365592632579365	602.919395992158	706.5753223179516	4.695849749733736	1.611391881842812	2.261101176493378	370.42811929281953	8.513851398877367	8.39318138511657e-06	0.024118319103599357	vapor
212.8894472361809	1.0	9.57859375845044	0.10439945833570598	605.0717121743002	709.4711705100059	4.7094934513421896	1.6115000224041462	2.2587153294067543	371.7707967870168	8.415228775548382	8.439920183450855e-06	0.024259706650257434	vapor
214.1708542713568	1.0	9.510988323078887	0.10514154428866768	607.2225010996435	712.3640453883113	4.723041350761611	1.611663146400384	2.256459761346532	373.1042558132759	8.318415729690619	8.486526117013014e-06	0.024401641993777874	vapor
215.45226130653268	1.0	9.444455772426759	0.10588222594249594	609.3718852599013	715.2541112023972	4.736495355613104	1.6118802915276007	2.25433031286047	374.4286627200835	8.223357836108528	8.533001347203154e-06	0.02454410467500819	vapor
216.73366834170855	1.0	9.378967594205012	0.10662154335812724	611.5199836658805	718.1415270240078	4.749857315619537	1.612150555139016	2.2523230592523156	375.74417759204005	8.130002882857037	8.579347954961777e-06	0.024687077596349364	vapor
218.01507537688443	1.0	9.314496379899833	0.10735953498870263	613.6669120489412	721.0264470376437	4.763129025307455	1.6124730900295912	2.2504342947468112	377.0509545950813	8.038300766279825	8.62556794532165e-06	0.024830546465842967	vapor
219.2964824120603	1.0	9.251015767936956	0.10809623776298107	615.812783048588	723.9090208115691	4.7763122265404645	1.6128471004836296	2.2486605178134775	378.34914230018063	7.948203391581319	8.671663251628136e-06	0.024974499354357034	vapor
220.5778894472362	1.0	9.188500390494422	0.10883168716350147	617.9577063871988	726.7893935507004	4.7894086108964435	1.6132718385698726	2.246998417555385	379.6388839870722	7.859664578606606	8.717635739456504e-06	0.025118926338573024	vapor
221.85929648241208	1.0	9.126925823685179	0.10956591729987677	620.1017890328167	729.6677063326936	4.8024198218999326	1.6137466006695702	2.2454448610777917	380.92031792940423	7.7726399725270525	8.76348721025184e-06	0.02526381920995803	vapor
223.14070351758795	1.0	9.06626854085535	0.11029896097757277	622.2451353508571	732.5440963284298	4.815347457120133	1.6142707242238568	2.2439968817591995	382.19357766261464	7.687086959151075	8.809219404714974e-06	0.025409171235129025	vapor
224.42211055276383	1.0	9.006505868766123	0.1110308497624949	624.387847245518	735.4186970080129	4.828193070144077	1.6148435846875586	2.242651668354303	383.45879223571416	7.602964584598121	8.854834005955418e-06	0.025554976956698075	vapor
225.7035175879397	1.0	8.94761594644704	0.1117616140416805	626.5300242916181	738.2916383332986	4.840958172433793	1.6154645926772984	2.241406554864461	384.7160864480695	7.520233479090941	8.900332642430527e-06	0.025701232026341822	vapor
226.9849246231156	1.0	8.889577686526591	0.11249128308036961	628.6717638575385	741.1630469379082	4.853644235075594	1.616133191302422	2.240259011116862	385.9655810721867	7.438855784636897	8.945716890688217e-06	0.025847933063772664	vapor
228.26633165829148	1.0	8.83237073886212	0.11321988507570625	630.8131612198858	744.0330462955922	4.866252690428939	1.6168488536679282	2.2392066339985512	387.20739306342165	7.358795086382889	8.990988277929058e-06	0.02599507753671943	vapor
229.54773869346735	1.0	8.77597545630594	0.1139474472073021	632.9543096704525	746.9017568777545	4.878784933681814	1.617611080539182	2.2382471392960226	388.4416357574699	7.280016347441565	9.036148284402021e-06	0.026142663658083883	vapor
230.82914572864323	1.0	8.720372862457788	0.11467399568487667	635.0953006160092	749.769296300886	4.891242324318943	1.6184193981587507	2.2373783540951493	389.6684190564224	7.202485846998566	9.081198345647056e-06	0.02629069029726018	vapor
232.1105527638191	1.0	8.665544621266049	0.1153995557931705	637.2362236714212	752.6357794645917	4.903626187508746	1.6192733562062616	2.236598209699949	390.8878496041169	7.126171121521444	9.126139854596193e-06	0.02643915690321259	vapor
233.39195979899498	1.0	8.611473008350965	0.116124151934315	639.3771667465446	755.5013186808598	4.915937815414485	1.6201725258926722	2.235904735032029	392.1000309514574	7.051040908901592	9.170974163544238e-06	0.02658806343737667	vapor
234.67336683417088	1.0	8.558140883933303	0.11684780766782635	641.5182161273334	758.3660237951598	4.928178468434578	1.6211164981808606	2.2352960504756725	393.30506371232644	6.977065095369889	9.215702585998682e-06	0.026737410314835713	vapor
235.95477386934675	1.0	8.505531667260973	0.11757054574837987	643.6594565515426	761.2300022999224	4.940349376376801	1.6221048821248811	2.2347703621362616	394.50304571066937	6.9042146650360925	9.260326398418106e-06	0.02688719835249256	vapor
237.23618090452263	1.0	8.453629312434396	0.118292388161509	645.8009712794012	764.0933594409103	4.952451739570605	1.6231373033206808	2.234325956482333	395.6940721192882	6.832461651910552	9.304846841847127e-06	0.02703742872320806	vapor
238.5175879396985	1.0	8.40241828553906	0.11901335615736305	647.9428421595926	766.9561983169556	4.964486729921613	1.624213402461514	2.2339611953438743	396.8782355908429	6.761779094274596	9.3492651234555e-06	0.027188102915037114	vapor
239.79899497487438	1.0	8.351883543000742	0.11973347028264605	650.0851496908554	769.8186199735014	4.97645549191195	1.62533283399164	2.2336745112415883	398.0556263815261	6.692140991273815	9.393582417988291e-06	0.02733922269486378	vapor
241.08040201005025	1.0	8.302010511084923	0.12045275041085415	652.2279730795038	772.680723490358	4.988359143549849	1.626495264852319	2.2334644030238318	399.2263324678434	6.623522261615428	9.437799869133433e-06	0.02749079007583228	vapor
242.36180904522615	1.0	8.252785066468123	0.12117121577091573	654.3713902931397	775.5426060640556	5.000198777271741	1.627700373314438	2.233329431789685	400.39043965690087	6.555898704257531	9.481918590812456e-06	0.027642807288083854	vapor
243.64321608040203	1.0	8.204193517813888	0.12188888497433478	656.515478110806	778.4043630851409	5.011975460799745	1.628947847892458	2.2332682170782774	401.5480316905767	6.4892469609846275	9.525939668399716e-06	0.027795276752375437	vapor
244.9246231155779	1.0	8.156222588291193	0.12260577604092945	658.6603121698284	781.2660882107579	5.02369023795736	1.6302373863346795	2.2332794333059782	402.6991903439284	6.4235444807695155	9.569864159875017e-06	0.027948201056230942	vapor
246.20603015075378	1.0	8.108859398977494	0.12332190642325078	660.8059670095558	784.1278734328066	5.035344129445879	1.6315686946851282	2.233361806434446	403.84399551816125	6.358769485827449	9.613693096914193e-06	0.028101582932318403	vapor
247.48743718592965	1.0	8.062091453092716	0.12403729302976188	662.9525161122141	786.9898091419761	5.046938133583922	1.6329414864126441	2.2335141108537835	404.9825253284665	6.294900939273665	9.657427485921638e-06	0.02825542523880079	vapor
248.76884422110555	1.0	8.015906621014304	0.12475195224685184	665.1000319410587	789.8519841879106	5.058473227012293	1.634355481603029	2.233735166466243	406.11485618701636	6.231918514300459	9.701068309008758e-06	0.028409730941432905	vapor
250.05025125628143	1.0	7.97029312602693	0.12546589995975277	667.2485859760097	792.7144859357626	5.069950365366244	1.6358104062103453	2.2340238359569438	407.24106288138313	6.169802564794654	9.744616524921808e-06	0.028564503097222645	vapor
251.3316582914573	1.0	7.925239530763617	0.1261791515724254	669.3982487469331	795.5774003193585	5.0813704839170475	1.6373059913637136	2.234379022239112	408.36121864863696	6.108534097320808	9.788073069922356e-06	0.028719744839483214	vapor
252.61306532663318	1.0	7.880734724298062	0.12689172202647261	671.5490898647278	798.4408118912002	5.092734498184689	1.638841972726153	2.2347996660621843	409.4753952453576	6.048094744399647	9.831438858623302e-06	0.028875459364140092	vapor
253.89447236180905	1.0	7.836767909850609	0.1276036258191373	673.7011780503581	801.3048038694956	5.104043304523332	1.6404180899022505	2.23528474377204	410.58366301378237	5.988466739015254	9.874714784783497e-06	0.02903164991716682	vapor
255.17587939698493	1.0	7.793328593072858	0.12831487702043712	675.8545811619772	804.1694581824144	5.115297780681147	1.6420340858916027	2.2358332652133037	411.6860909443013	5.9296328902881275	9.917901722063137e-06	0.02918831978303758	vapor
256.4572864321608	1.0	7.750406570878214	0.12902548928948485	678.0093662202569	807.0348555097416	5.12649878633594	1.6436897065851932	2.236444271764462	412.78274673449454	5.871576560254916	9.961000524742684e-06	0.029345472274105534	vapor
257.7386934673367	1.0	7.707991920787866	0.12973547589004034	680.1655994320528	809.9010753220932	5.1376471636079515	1.645384700302011	2.237116834497104	413.8736968448975	5.814281641698753	1.0004012028407265e-05	0.02950311072082201	vapor
259.0201005025126	1.0	7.666074990763609	0.1304448497053368	682.3233462125094	812.7681959178462	5.148743737551102	1.6471188173633982	2.237850052451272	414.9590065516707	5.757732536977433	1.0046937050598782e-05	0.029661238462720594	vapor
260.30150753768845	1.0	7.624646389500817	0.13115362325222135	684.482671205711	815.6362944579324	5.159789316623875	1.6488918097027574	2.2386430510194337	416.038739996336	5.701914137799374	1.0089776391437468e-05	0.02981985884010116	vapor
261.5829145728643	1.0	7.583696977156549	0.13186180869464836	686.6436383039782	818.5054469986264	5.170784693140954	1.6507034305083972	2.2394949804320956	417.11296023273735	5.646811805900326	1.0132530834214835e-05	0.029978975186358437	vapor
262.8643216080402	1.0	7.543217856489401	0.1325694178565589	688.8063106658949	821.3757285224538	5.181730643706668	1.6525534338974137	2.2404050143385876	418.1817292713717	5.592411354576133	1.0175201145959542e-05	0.030138590820897263	vapor
264.1457286432161	1.0	7.503200364389106	0.1332764622341813	690.9707507331557	824.2472129673368	5.192627929631198	1.6544415746186556	2.2413723484769554	419.2451081212297	5.538699031029571	1.0217788077977709e-05	0.030298709042595844	vapor
265.427135678392	1.0	7.463636063775318	0.13398295300778262	693.1370202463122	827.1199732540947	5.203477297330485	1.6563676077829133	2.242396199427326	420.3031568292777	5.48566149949129	1.0260292366369236e-05	0.030459333123766096	vapor
266.70854271356785	1.0	7.42451673584626	0.1346889010529004	695.3051802594915	829.9940813123919	5.214279478710716	1.658331288618599	2.2434758034434945	421.3559345177045	5.43328582507735	1.0302714732521332e-05	0.03062046630458326	vapor
267.9899497487437	1.0	7.385834372659086	0.13539431695108198	697.4752911541575	832.8696081052395	5.225035191538133	1.660332372251276	2.244610415357799	422.4034994190531	5.3815594583477075	1.0345055883580544e-05	0.030782111787942327	vapor
269.2713567839196	1.0	7.347581170024909	0.13609921100015693	699.6474126519811	835.746623652138	5.235745139794994	1.6623706135055114	2.245799307554741	423.44590890934586	5.330470220531909	1.038731651290448e-05	0.030944272734717542	vapor
270.5527638190955	1.0	7.309749520702481	0.13680359322406688	701.8216038268781	838.6251970509451	5.246410014022363	1.6644457667275874	2.2470417690090145	424.48321953931224	5.280006289390295	1.0429497300494277e-05	0.031106952259392272	vapor
271.8341708542714	1.0	7.272332007875442	0.13750747338227515	703.9979231162744	841.5053964985495	5.257030491650379	1.6665575856277264	2.248337104383997	425.5154870638171	5.230156185680328	1.0471598913408854e-05	0.03127015342603751	vapor
273.11557788944725	1.0	7.235321398898952	0.1382108609787779	706.1764283316516	844.3872893104295	5.267607237316684	1.6687058231405327	2.2496846331869103	426.54276646958704	5.180908760199702	1.0513622006161867e-05	0.03143387924461335	vapor
274.3969849246231	1.0	7.198710639302338	0.1389137652707367	708.3571766684233	847.27094193916	5.278140903173538	1.670890231302457	2.2510836889771975	427.565112001324	5.132253181379036	1.055556722110237e-05	0.03159813266757488	vapor
275.678391959799	1.0	7.162492847035221	0.13961619527675076	710.5402247151887	850.1564199919395	5.2886321291842435	1.6731105611451405	2.2525336186248	428.5825771862927	5.084178923398624	1.0597435188779848e-05	0.03176291658676091	vapor
276.9597989949749	1.0	7.126661306945176	0.1403181597847881	712.7256284624068	853.0437882471949	5.299081543409328	1.6753665626035683	2.2540337816152944	429.5952148574636	5.036675754804891	1.0639226528294604e-05	0.03192823383054962	vapor
278.2412060301508	1.0	7.091209465475801	0.14101966735979116	714.9134433105357	855.933110670327	5.3094897622830555	1.6776579844380337	2.2555835493990024	430.60307717528946	4.9897337276036176	1.0680941847634029e-05	0.03209408716126353	vapor
279.52261306532665	1.0	7.056130925574618	0.14172072635097324	717.1037240776732	858.8244504286464	5.319857390880652	1.6799845741689488	2.257182304781397	431.6062156481894	4.943343166808021	1.072258174399569e-05	0.03226047927281012	vapor
280.8040201005025	1.0	7.021419441800821	0.14242134489882072	719.2965250067347	861.7178699055554	5.330185023176763	1.6823460780236308	2.2588294413522623	432.6046811518106	4.897494660421022	1.0764146804097664e-05	0.032427412788541714	vapor
282.0854271356784	1.0	6.9870689156234675	0.1431215309418153	721.4918997722051	864.6134307140204	5.340473242295463	1.6847422408942003	2.260524362951263	433.5985239471348	4.852179049832061	1.0805637604476899e-05	0.03259489025932565	vapor
283.3668341708543	1.0	6.953073390901244	0.14382129222288878	723.6899014864927	867.5111937093812	5.350722620752308	1.6871728063058107	2.262266483167691	434.58779369749294	4.8073874206097855	1.0847054711776066e-05	0.03276291416180736	vapor
284.6482412060302	1.0	6.91942704953532	0.1445206362956245	725.8905827059185	870.4112190015429	5.360933720688692	1.6896375163944628	2.2640552248723114	435.5725394845497	4.763111093672908	1.0888398683019539e-05	0.03293148689686204	vapor
285.92964824120605	1.0	6.8861242072874065	0.1452195705302158	728.0939954363674	873.3135659665834	5.371107094098953	1.6921361118936975	2.2658900197793517	436.55280982331436	4.719341616822368	1.0929670065878976e-05	0.03310061078821712	vapor
287.2110552763819	1.0	6.853159309755446	0.14591810211919395	730.3001911386274	876.2182932578214	5.381243283050468	1.6946683321295049	2.267770308036808	437.52865267623395	4.676070756618879	1.0970869398928956e-05	0.033270288081240426	vapor
288.4924623115578	1.0	6.820526928499819	0.14661623808293517	732.5092207334403	879.1254588163756	5.3913428198971065	1.6972339150228235	2.269695537843336	438.50011546642025	4.6332904905905545	1.1011997211893216e-05	0.033440520941884246	vapor
289.7738693467337	1.0	6.788221757313297	0.14731398527495793	734.7211346062891	882.0351198812472	5.401406227486312	1.6998325970990507	2.271665165090101	439.467245090061	4.590992999756256	1.1053054025881829e-05	0.03361131145577573	vapor
291.05527638190955	1.0	6.756238608628374	0.148011350387019	736.9359826119422	884.9473329989611	5.411434019360073	1.7024641135039955	2.273678653026092	440.4300879280629	4.549170661450851	1.1094040353619798e-05	0.033782661627445	vapor
292.33668341708545	1.0	6.724572410055855	0.14870833995401855	739.153814078775	887.8621540327935	5.421426699950078	1.7051281980257713	2.275735471945432	441.3886898569712	4.507816042439235	1.1134956699667416e-05	0.033954573379687505	vapor
293.6180904522613	1.0	6.693218201049018	0.14940496035872122	741.3746778128852	890.7796381716065	5.431384764767251	1.7078245831221126	2.277835098895375	442.3430962592091	4.466921892306817	1.1175803560632802e-05	0.0341270485530449	vapor
294.8994974874372	1.0	6.662171129687806	0.15010121783630326	743.5986221020253	893.6998399383286	5.441308700585973	1.7105529999526818	2.2799770174036986	443.29335203267783	4.426481137114401	1.1216581425376904e-05	0.0343000889054079	vapor
296.1809045226131	1.0	6.631426449577948	0.15079711847873156	745.82569471936	896.6228131980916	5.451198985623128	1.7133131784159104	2.2821607172243192	444.2395015997558	4.386486873306302	1.1257290775211324e-05	0.034473696111727806	vapor
297.46231155778895	1.0	6.600979516860024	0.15149266823898333	748.0559429270726	899.5486111660558	5.461056089712242	1.7161048471899654	2.2843856940999947	445.1815889157354	4.3469323618608415	1.1297932084089294e-05	0.0346478717638321	vapor
298.74371859296485	1.0	6.570825787323826	0.15218787293511266	750.2894134798296	902.4772864149422	5.470880474472893	1.7189277337774684	2.2866514495410755	446.11965747673224	4.307811022672984	1.133850581879009e-05	0.03482261737033922	vapor
300.0251256281407	1.0	6.54096081362357	0.15288273825417073	752.5261526281158	905.4088908822865	5.48067259347559	1.7217815645535945	2.288957490619303	447.05375032709725	4.269116429159288	1.1379012439097147e-05	0.034997934356667426	vapor
301.3065326633166	1.0	6.511380242589723	0.15357726975598607	754.7662061214577	908.3434758774437	5.490432892402256	1.7246660648172103	2.2913033297757237	447.98391006636973	4.230842303075833	1.141945239797014e-05	0.03517382406513233	vapor
302.5879396984925	1.0	6.482079812633444	0.1542714728768103	757.0096192115403	911.2810920883504	5.500161809202569	1.7275809588447315	2.293688484641838	448.9101788557952	4.1929825095402204	1.1459826141711297e-05	0.0353502877551242	vapor
303.86934673366835	1.0	6.453055351239799	0.15496535293283578	759.2564366552339	914.2217895880696	5.50985977424622	1.730525969946402	2.296112477873159	449.83259842444187	4.155531052249097	1.1500134110126221e-05	0.03552732660336635	vapor
305.1507537688442	1.0	6.424302772546102	0.15565891512359037	761.5067027175368	917.165617841127	5.519527210471336	1.733500820524704	2.2985748369944	450.75121007493954	4.11848206888308	1.1540376736679375e-05	0.035704941704249885	vapor
306.4321608040201	1.0	6.395818075001958	0.15635216453521372	763.7604611744443	920.1126257096579	5.529164533529132	1.7365052321346426	2.3010750942555505	451.66605468886877	4.081829826691347	1.1580554448644483e-05	0.035883134070232484	vapor
307.713567839196	1.0	6.3675973391076655	0.1570451061436207	766.0177553157532	923.0628614593738	5.538772151924984	1.7395389255456426	2.3036127864981566	452.5771727318245	4.045568718248401	1.1620667667250064e-05	0.03606190463230721	vapor
308.9949748743719	1.0	6.339636725227845	0.1577377448175566	768.2786279478119	926.0163727653684	5.548350467156042	1.742601620804837	2.306187455031154	453.48460425817757	4.009693257375989	1.166071680782029e-05	0.03624125424053072	vapor
310.27638190954775	1.0	6.311932471477302	0.15843008532154826	770.5431213962163	928.9732067177644	5.557899873845474	1.7456930373015194	2.3087986455156275	454.3883889155557	3.9741980752233252	1.1700702279911335e-05	0.036421183664612534	vapor
311.5577889447236	1.0	6.284480891676269	0.15912213231875522	772.8112775084682	931.9334098272235	5.567420759873513	1.7488128938325567	2.3114459078579315	455.2885659490656	3.939077916499186	1.1740624487443424e-05	0.036601693594552336	vapor
312.8391959798995	1.0	6.2572783733722765	0.15981389037372543	775.0831376565941	934.8970280303195	5.576913506505381	1.7519609086685664	2.314128796110624	456.1851742052754	3.904327635849629	1.1780483828828729e-05	0.036782784641337565	vapor
314.1206030150754	1.0	6.230321375926102	0.16050536395505852	777.3587427397359	937.8641066947945	5.586378488516198	1.7551367996206864	2.3168468683806864	457.07825213597704	3.869942194375452	1.1820280697095283e-05	0.03696445733767953	vapor
315.4020100502513	1.0	6.203606428659239	0.16119655743798145	779.6381331867155	940.834690624697	5.595816074313014	1.7583402841077613	2.319599686744574	457.967837801745	3.835916656283614	1.1860015480007043e-05	0.037146712138800275	vapor
316.68341708542715	1.0	6.1771301290605996	0.1618874751068385	781.9213489585798	943.8088240654182	5.605226626054014	1.761571079223792	2.322386817169603	458.85396887530976	3.8022461856673138	1.1899688560180306e-05	0.03732954942325865	vapor
317.964824120603	1.0	6.150889141050099	0.16257812115750095	784.2084295511299	946.7865507086308	5.614610499765013	1.7648289018054975	2.3252078294412803	459.73668264476026	3.768926043409393	1.1939300315196577e-05	0.03751296949381622	vapor
319.2462311557789	1.0	6.124880193297046	0.16326849969969717	786.4994139974405	949.7679136971375	5.623968045453346	1.7681134684998643	2.328062297096152	460.616016016591	3.7359515842041238	1.1978851117712008e-05	0.03769697257833695	vapor
320.5276381909548	1.0	6.099100077591202	0.16395861475926843	788.7943408703701	952.7529556296383	5.633299607219189	1.7714244958315377	2.3309497973597892	461.49200551860815	3.7033182536926383	1.2018341335563561e-05	0.03788155883072345	vapor
321.8090452261307	1.0	6.0735456472645835	0.16464847028035134	791.0932482850676	955.741718565419	5.642605523364448	1.7747617002699527	2.3338699110895593	462.36468730270695	3.6710215857073853	1.2057771331872016e-05	0.03806672833188296	vapor
323.09045226130655	1.0	6.048213815662064	0.16533807012749197	793.39617390148	958.7342440289718	5.651886126499249	1.7781247982960888	2.3368222227218447	463.23409714753376	3.6390571996211984	1.2097141465141977e-05	0.038252481090719395	vapor
324.3718592964824	1.0	6.023101554659028	0.16602741808769167	795.7031549268586	961.7305730145504	5.661141743646125	1.7815135064687455	2.3398063202233845	464.10027046104335	3.6074207977968165	1.2136452089358886e-05	0.03843881704515612	vapor
325.6532663316583	1.0	5.998205893224298	0.1667165178723894	798.0142281182734	964.730745990663	5.670372696341981	1.7849275414902523	2.3428217950464476	464.96324228296356	3.576108163132825	1.2175703554083261e-05	0.03862573606317852	vapor
326.9346733668342	1.0	5.973523916026721	0.16740537311938114	800.3294297851319	967.7348029045129	5.679579300737841	1.78836662027151	2.345868242087545	465.8230472871766	3.545115156702138	1.2214896204542185e-05	0.038813237943901416	vapor
328.2160804020101	1.0	5.949052762083784	0.16809398739468037	802.6487957917082	970.7427831863885	5.688761867696552	1.7918304599963057	2.348945259649423	466.67971978402716	3.5144377154792887	1.2254030381718208e-05	0.03900132241865434	vapor
329.49748743718595	1.0	5.924789623450771	0.16878236419432066	804.9723615596815	973.7547257540023	5.69792070288839	1.7953187781848121	2.3520524494061013	467.5332937225654	3.4840718501530374	1.2293106422435694e-05	0.03918998915208608	vapor
330.7788944723618	1.0	5.9007317439490095	0.16947050694610283	807.3001620706892	976.7706690167921	5.707056106884715	1.7988312927562053	2.3551894163706817	468.3838026927353	3.454013643020807	1.2332124659444727e-05	0.03937923774328329	vapor
332.0603015075377	1.0	5.8768764179318	0.17015841901128861	809.6322318688935	979.790650880182	5.716168375249668	1.8023677220903505	2.3583557688657595	469.23127992751256	3.42425924596177	1.2371085421502709e-05	0.03956906772690756	vapor
333.3417085427136	1.0	5.853220989086696	0.1708461036862431	811.9686050635585	982.8147087498014	5.725257798630022	1.8059277850884823	2.361551118496184	470.075758305003	3.39480487848535	1.2409989033453624e-05	0.03975947857433931	vapor
334.6231155778895	1.0	5.829762849272854	0.1715335642040276	814.3093153316502	985.842879535678	5.734324662843179	1.8095112012328487	2.364775080124003	470.9172703505058	3.365646825852185	1.2448835816305153e-05	0.039950469694837405	vapor
335.90452261306535	1.0	5.806499437392234	0.17222080373594448	816.6543959204506	988.8751996563951	5.743369248963423	1.8131176906452517	2.3680272718453956	471.7558482385485	3.3367814372646896	1.248762608730368e-05	0.04014204043670519	vapor
337.1859296482412	1.0	5.7834282382934665	0.17290782539303592	819.0038796501864	991.9117050432224	5.752391833406413	1.8167469741444653	2.371307314969429	472.59152379489933	3.30820512412432	1.2526360160007224e-05	0.04033419008846805	vapor
338.4673366834171	1.0	5.76054678170725	0.1735946322275384	821.3577989166822	994.9524311442208	5.761392688012043	1.8203987733024727	2.374614833998464	473.424328498563	3.279914358353042	1.256503834435643e-05	0.04052691788005147	vapor
339.748743718593	1.0	5.737852641212206	0.17428122723429426	823.7161856940276	997.9974129283219	5.770372080125603	1.824072810499505	2.3779494566100836	474.2542934837631	3.25190567077633	1.2603660946743641e-05	0.04072022298397034	vapor
341.03015075376885	1.0	5.715343433230161	0.17496761335212124	826.0790715372647	1001.0466848893858	5.77933027267741	1.8277688089778492	2.3813108136403756	475.081449541917	3.2241756495652703	1.2642228270080118e-05	0.040914104516518966	vapor
342.31155778894475	1.0	5.693016816049806	0.17565379346514326	828.446487585096	1004.1002810502393	5.788267524260846	1.8314864928943937	2.3846985390684603	475.90582712360685	3.1967209387354445	1.2680740613861484e-05	0.04110856153896403	vapor
343.5929648241206	1.0	5.6708704888778465	0.17633977040408136	830.8184645626111	1007.1582349666926	5.797184089208884	1.8352255873718937	2.388112270002116	476.72745634055053	3.1695382367003107	1.2719198274231497e-05	0.041303593058740144	vapor
344.8743718592965	1.0	5.648902190916664	0.17702554694750822	833.1950327840332	1010.2205797315412	5.806080217669164	1.838985818548949	2.3915516466644173	477.54636696757524	3.1426242948768826	1.2757601544044069e-05	0.04149919803064332	vapor
346.1557788944724	1.0	5.627109700467626	0.17771112582306645	835.576222155484	1013.2873479785503	5.8149561556776	1.842766913628649	2.395016312381239	478.36258844459746	3.1159759163416827	1.2795950712923716e-05	0.04169537535802644	vapor
347.43718592964825	1.0	5.605490834059193	0.1783965097086519	837.9620621777682	1016.3585718864199	5.8238121452305975	1.8465686009259132	2.3985059135695637	479.1761498786126	3.089589954534923	1.283424606732454e-05	0.041892123893991745	vapor
348.71859296482415	1.0	5.584043445598995	0.1790817012335639	840.3525819491781	1019.4342831827422	5.832648424355903	1.8503906099134797	2.402020099726471	479.987080045694	3.0634633120109958	1.2872487890587512e-05	0.04208944244257944	vapor
350.0	1.0	5.562765425549109	0.1797667029796225	842.7478101683168	1022.5145131479395	5.841465227182095	1.8542326712665564	2.405558523418728	480.7954073930076	3.0375929392334595	1.2910676462996487e-05	0.04228732975995595	vapor
