Temperature (K)	Pressure (MPa)	Density (kg/m3)	Volume (m3/kg)	Internal Energy (kJ/kg)	Enthalpy (kJ/kg)	Entropy (J/g*K)	Cv (J/g*K)	Cp (J/g*K)	Sound Spd. (m/s)	Joule-Thomson (K/MPa)	Viscosity (Pa*s)	Therm. Cond. (W/m*K)	Phase
95.0	0.1	445.7625019047288	0.0022433470642484105	-57.36788443122947	-57.143549724804046	-0.5539637310014206	2.141382130878278	3.383827044240873	1499.6898740311822	-0.4720446724201607	0.00017976969599939113	0.20605388916692202	liquid
96.28140703517587	0.1	444.0265176639783	0.0022521177457170707	-53.02906933894275	-52.80385756437042	-0.5085881876363426	2.1340414664395637	3.3895513921565557	1487.7309821674571	-0.46873637824509923	0.0001730319114732891	0.20444784978948222	liquid
97.56281407035176	0.1	442.2813360034542	0.002261004294316842	-48.682723957878856	-48.45662352844574	-0.4637347604551265	2.1268977688014594	3.395594800497752	1475.687651450795	-0.465279738359287	0.00016671919547270352	0.20281881061293683	liquid
98.84422110552764	0.1	440.52660236893485	0.002270010470701413	-44.32845198028424	-44.10145093321468	-0.4193857833814934	2.1199260293518893	3.4019392226090353	1463.5629843606728	-0.4616735346739632	0.0001607939660737132	0.20116844415242485	liquid
100.12562814070351	0.1	438.76195320582093	0.002279140186822227	-39.9658767993694	-39.73796278068696	-0.3755244709795248	2.1131053697295386	3.408571859122452	1451.3595241146315	-0.4579154303283632	0.0001552227061475683	0.19949831631908563	liquid
101.4070351758794	0.1	436.9870145122829	0.002288397519354415	-35.594635224530755	-35.36579547259546	-0.33213481125886846	2.1064184198807245	3.4154844944348053	1439.0793046745664	-0.45400206411412014	0.00014997545242367166	0.19780989240725488	liquid
102.68844221105527	0.1	435.2014004020441	0.0022977867237471855	-31.21437197460591	-30.98459330223055	-0.2892014728363431	2.099850790401598	3.422672943181685	1426.7238938845246	-0.44992912529034335	0.00014502535525924662	0.19610454261979596	liquid
103.96984924623115	0.1	433.4047116585022	0.002307312249036974	-26.824734818407002	-26.594003593503693	-0.24670972411986647	2.093390624795156	3.4301365912502795	1414.2944304489154	-0.4456914109680085	0.0001403482986436744	0.19438354716307638	liquid
105.25125628140704	0.1	431.5965342626807	0.002316978753567503	-22.42537024992704	-22.193672374571005	-0.20464536255407373	2.087028219558794	3.4378780184699247	1401.7916553822022	-0.44128286788023247	0.0001359225715969389	0.19264810093979537	liquid
106.53266331658291	0.1	429.77643787787844	0.002326791121769573	-18.01591960059878	-17.78324048842228	-0.16299465227487064	2.0807557019273055	3.4459026923142773	1389.2159384849108	-0.4366966200250647	0.00013172858348778636	0.1908993178647794	liquid
107.8140703517588	0.1	427.9439742739285	0.0023367544821647525	-13.596015503474094	-13.362340055257846	-0.12174426877486405	2.074566756695118	3.4542187238147752	1376.5673003288343	-0.43192498336716234	0.00012774861694297849	0.18913823482602335	liquid
109.09547738693468	0.1	426.0986756736426	0.00234687422677164	-9.165278634357088	-8.930591211678896	-0.08088124939122146	2.0684563948814927	3.4628366784828257	1363.8454301662293	-0.4269594685096742	0.00012396661298115716	0.18736581531058705	liquid
110.37688442211055	0.1	424.2400530033773	0.0023571560321109975	-4.723314663341996	-4.487599060131208	-0.04039294860106954	2.062420758130211	3.4717694364221714	1351.0497001148105	-0.42179077199316073	0.00012036798381407352	0.18558295271245093	liquid
111.65829145728644	0.1	1.791899401767153	0.5580670427222701	455.089108075171	510.895812347398	4.5817415177666465	1.6141427742957952	2.2154184395043934	271.5385771683048	29.702236561251368	4.2479792396697155e-06	0.011485089414632867	vapor
112.93969849246231	0.1	1.7692406540641858	0.5652142334073459	457.20785015421853	513.729273494953	4.606973283568865	1.6098953940424479	2.2071680855553524	273.3246503733419	28.841735253410445	4.308902973309722e-06	0.011621886506417557	vapor
114.2211055276382	0.1	1.7472190954692273	0.5723380671566226	459.3189462155381	516.5527529312005	4.631832486388826	1.606178851882535	2.199807391219825	275.0908461667077	28.03935059258688	4.369319487146673e-06	0.011760480502800978	vapor
115.50251256281408	0.1	1.7258026748832864	0.5794405203756151	461.42322804465823	519.3672800822197	4.656336403473457	1.6028869562267158	2.19317209906341	276.8384710541251	27.286358308705164	4.42926427227995e-06	0.011900619805063187	vapor
116.78391959798995	0.1	1.7049622069570751	0.5865232648087527	463.52137608166106	522.1737025625363	4.680500174278678	1.5999416503741548	2.1871402096500105	278.5686084223821	26.57614258227441	4.488767098064268e-06	0.012042093118020849	vapor
118.06532663316582	0.1	1.68467091361959	0.5935877398461493	465.61395785122124	524.9727318358362	4.704337282786917	1.5972846770329792	2.181619511409744	280.2821747429319	25.9036016715769	4.547853436612629e-06	0.012184722162969374	vapor
119.34673366834171	0.1	1.6649040772428199	0.6006352039548485	467.7014551500172	527.764975545502	4.727859901449274	1.5948718246778308	2.1765389946271996	281.979959624321	25.264726724260402	4.6065454486683865e-06	0.012328355837140164	vapor
120.62814070351759	0.1	1.6456387720108572	0.6076667717168993	469.7842834711805	530.5509606428707	4.751079140037011	1.592668937539268	2.171842906390757	283.66265456382877	24.65630331748544	4.6648626788919735e-06	0.012472865508112163	vapor
121.90954773869348	0.1	1.626853650994275	0.6146834408791692	471.8628060382227	533.3311501261396	4.774005228636876	1.5906491350016998	2.1674866096306316	285.3308737693011	24.07569977034378	4.72282255649093e-06	0.012618141204466199	vapor
123.19095477386935	0.1	1.60852877363464	0.6216861124220954	473.9373440732994	536.1059553155089	4.796647654641164	1.588790863451679	2.1634336800421607	286.98516939477054	23.52071673031149	4.780440763801814e-06	0.012764088518300423	vapor
124.47236180904522	0.1	1.5906454631255473	0.6286756057098007	476.0081844175252	538.8757449885053	4.819015267284809	1.5870765232199575	2.159653856096128	288.62604282154456	22.989480005845472	4.837731514003625e-06	0.0129106260761221	vapor
125.7537688442211	0.1	1.5731861863737766	0.6356526701426349	478.0755852755104	541.6408522897738	4.8411163590344195	1.5854914943002494	2.15612157955087	290.25395312340095	22.480363921440834	4.894707765280157e-06	0.01305768346576327	vapor
127.03517587939699	0.1	1.5561344513785742	0.6426179942961249	480.1397806199338	544.4015800495463	4.862958730257016	1.5840234396504491	2.1528149465940003	291.8693235128479	21.99193622385718	4.951381389727473e-06	0.013205199530819665	vapor
128.31658291457288	0.1	1.5394747183310988	0.6495722132313234	482.20098362970015	547.1582049528324	4.884549741638942	1.5826618025089167	2.1497149459513585	293.47254632828765	21.522918217052673	5.007763309395371e-06	0.013353120962535978	vapor
129.59798994974875	0.1	1.523192321740147	0.6565159144562689	484.25938942340406	549.9109808690309	4.905896357487729	1.5813974399266004	2.1468048986427353	295.063986957011	21.07215567094794	5.063863607956555e-06	0.013501401133384314	vapor
130.87939698492463	0.1	1.5072734015860558	0.6634496428768211	486.31517727251605	552.6601415601982	4.927005182131424	1.5802223524164796	2.1440700403079385	296.6439869739812	20.638597365093663	5.119691623909884e-06	0.013649999127767438	vapor
132.1608040201005	0.1	1.4917048419924206	0.6703739049772964	488.36851242505134	555.405902922781	4.9478824909963945	1.5791294818156776	2.141497205048422	298.2128666959664	20.221279055342716	5.175256029490742e-06	0.01379887893408441	vapor
133.4422110552764	0.1	1.4764742162516593	0.6772891724033695	490.4195476331155	558.1484648734526	4.968534257505046	1.5781125578787485	2.139074582143002	299.7709272941766	19.819311304624215	5.230564898289108e-06	0.01394800876933414	vapor
134.72361809045225	0.1	1.4615697372899619	0.6841958850723038	492.46842445158575	560.8880129588161	4.988966176628316	1.5771659799542692	2.1367915255720407	301.31845256884225	19.431870078883133	5.285625763774137e-06	0.014097360512954465	vapor
136.00502512562815	0.1	1.4469802128398082	0.6910944539023269	494.51527435684767	563.6247197470805	5.009183685712257	1.5762847241474662	2.134638402226514	302.8557104610873	19.05818933323372	5.340445670368741e-06	0.014246909230967914	vapor
137.28643216080403	0.1	1.4326950047241458	0.697985263229519	496.56021972154923	566.3587460445011	5.029191983045405	1.575464269191129	2.1326064688077913	304.38295435750064	18.697555041558697	5.395031218327761e-06	0.014396632775041414	vapor
138.5678391959799	0.1	1.41870399175928	0.7048686729639342	498.6033746721511	569.0902419685445	5.048996044524612	1.574700536214829	2.130687770302389	305.90042422857005	18.349300283455914	5.449388603394812e-06	0.014546511443867522	vapor
139.84924623115577	0.1	1.4049975358629674	0.7117450205247422	500.64484584949463	571.8193479019689	5.068600638698223	1.5739898389793594	2.1288750549290203	307.4083476319139	18.01280111553333	5.503523652010977e-06	0.014696527696562035	vapor
141.13065326633165	0.1	1.3915664510165533	0.7186146225855689	502.68473308788475	574.5461953464416	5.088010340407963	1.573328842109556	2.1271617018681312	308.9069406038541	17.687473033622787	5.55744185269903e-06	0.014846665909612153	vapor
142.41206030150755	0.1	1.3784019747798293	0.7254777766549043	504.7231300247691	577.2709076902595	5.107229543208303	1.5727145255388626	2.1255416590796323	310.3964084574933	17.372767888435128	5.611148384134166e-06	0.014996912170401062	vapor
143.69346733668343	0.1	1.3654957420977327	0.7323347625117874	506.7601246505773	579.993600901756	5.126262470710014	1.5721441538595362	2.1240093892193253	311.8769465015053	17.068171156495843	5.664648140325877e-06	0.01514725410155867	vapor
144.9748743718593	0.1	1.3528397611713485	0.7391858435134666	508.7957998064362	582.7143841577829	5.145113186970255	1.571615249613282	2.1225598221660333	313.3487406909203	16.773199495812065	5.717945753267721e-06	0.015297680711386182	vapor
146.25628140703517	0.1	1.3404263911935006	0.7460312677890587	510.8302336360666	585.4333604149725	5.1637856060325	1.5711255698001114	2.121188313030625	314.8119682189934	16.48739853510189	5.771045613358024e-06	0.015448182266425232	vapor
147.53768844221105	0.1	1.3282483217727226	0.7528712693311505	512.863499997118	588.150626930233	5.1822835007046955	1.5706730850574682	2.1198906047773067	316.26679805758016	16.210340859018125	5.823951887850694e-06	0.01559875018291745	vapor
148.81909547738695	0.1	1.3162985538894612	0.7597060689956339	514.8956688363633	590.8662757359267	5.200610510652015	1.5702559610874596	2.1186627947761107	317.71339145217223	15.94162416134727	5.876668537559872e-06	0.01574937693447403	vapor
150.10050251256283	0.1	1.3045703822455872	0.7665358754187542	516.926806532538	593.5803940744134	5.21877014987073	1.569872542001622	2.1175013047442555	319.15190237675165	15.680869544876867	5.929199332012115e-06	0.01590005597374175	vapor
151.3819095477387	0.1	1.293057378883269	0.7733608858592462	518.9569762100837	596.2930647960083	5.236765813601707	1.569521335320005	2.1164028536372212	320.58247795284353	15.42771995135612	5.981547863215023e-06	0.016050781666257518	vapor
152.66331658291458	0.1	1.2817533779622632	0.7801812869725407	520.9862380266408	599.0043667238948	5.254600784735119	1.5692009984114177	2.1153644331282364	322.0052588365215	15.181838708326133	6.033717558189962e-06	0.01620154923503102	vapor
153.94472361809045	0.1	1.2706524615961063	0.786997255523252	523.0146494367873	601.7143749891123	5.272278239752242	1.5689103261994461	2.114383285374405	323.4203795766143	14.94290818198982	6.085711690398677e-06	0.016352354714691906	vapor
155.22613065326635	0.1	1.2597489466577254	0.7938089590415038	525.0422654342299	604.4231613383802	5.28980125424525	1.5686482399877162	2.113456882814073	324.8279689469481	14.710628527016665	6.137533390177757e-06	0.01650319491431157	vapor
156.5075376884422	0.1	1.2490373724738622	0.8006165564280795	527.0691387744063	607.1307944172144	5.3071728080515825	1.5684137772802755	2.1125829097766102	326.2281502551098	14.484716525448729	6.189185654281862e-06	0.016654067388264512	vapor
157.7889447236181	0.1	1.2385124893355457	0.8074201985128902	529.0953201792521	609.837340030541	5.32439579003574	1.5682060824907513	2.111759245715291	327.62104162992966	14.264904507821198	6.240671354624839e-06	0.016804970414729323	vapor
159.07035175879398	0.1	1.2281692477588557	0.8142200285708053	531.1208585256921	612.5428613827727	5.341473002548067	1.5680243984481226	2.1109839498979985	329.00675628962995	14.05093935034513	6.2919932462977316e-06	0.01695590298167556	vapor
160.35175879396985	0.1	1.2180027884363887	0.8210161827985224	533.1458010192711	615.2474192991233	5.358407165587171	1.5678680586186602	2.1102552474104757	330.3854027923757	13.842581542577403	6.343153974933947e-06	0.017106864780453118	vapor
161.63316582914575	0.1	1.208008432825423	0.8278087907557814	535.1701933541806	617.9510724297586	5.375200920690068	1.56773647997321	2.1095715163436894	331.7570852707789	13.639604320480164	6.394156083484072e-06	0.017257856207381086	vapor
162.9145728643216	0.1	1.1981816743237095	0.8345979757739416	537.194079860833	620.6538774382271	5.391856834571828	1.5676291564371927	2.1089312760512127	333.12190365174496	13.441792860171976	6.445002018456058e-06	0.017408878374093648	vapor
164.1959798994975	0.1	1.188518169988259	0.8413838553346464	539.217503642008	623.3558891754727	5.4083774025345015	1.5675456528676237	2.108333176374905	334.4799538629113	13.248943528022483	6.49569413567052e-06	0.01755993312783823	vapor
165.47738693467338	0.1	1.179013732756482	0.8481665414210606	541.2405066985067	626.0571608406127	5.42476505166322	1.5674855995074937	2.1077759877479476	335.83132802680024	13.060863183054078	6.546234705575653e-06	0.01771102308347221	vapor
166.75879396984925	0.1	1.1696643241326101	0.8549461408439312	543.2631300451608	628.7577441295539	5.441022143825821	1.5674486868730715	2.107258592093708	337.17611464370054	12.877368527894959	6.596625918161627e-06	0.017862151669675985	vapor
168.04020100502512	0.1	1.1604660473055355	0.8617227555445344	545.2854138179603	631.4576893724137	5.457150978490771	1.5674346610343004	2.1067799744472433	338.5143987641905	12.69828550478903	6.6468698875102e-06	0.01801332319293066	vapor
169.321608040201	0.1	1.1514151406671322	0.8684964828763655	547.3073973729977	634.1570456606343	5.473153795376945	1.5674433192525261	2.1063392152336258	339.8462621521311	12.523448733408532	6.6969686560117045e-06	0.018164542924283822	vapor
170.6030150753769	0.1	1.1425079717027031	0.8752674158672866	549.3291193778629	636.8558609645916	5.48903277694759	1.5674745059433972	2.105935483143843	341.17178343887434	12.352700987440862	6.746924198278223e-06	0.018315817216063266	vapor
171.88442211055278	0.1	1.133741031227588	0.8820356434636786	551.3506178960599	639.5541822424277	5.504790050759715	1.5675281089360067	2.1055680285548894	342.4910382693666	12.185892707132485	6.796738424779105e-06	0.01846715365886783	vapor
173.16582914572865	0.1	1.1251109279460922	0.8888012507580171	553.3719304649743	642.252055540776	5.52042769167923	1.567604056002205	2.1052361774458728	343.8040994407578	12.022881545171007	6.84641318522218e-06	0.018618561293994657	vapor
174.44723618090453	0.1	1.1166143833108364	0.8955643192011669	555.3930941678667	644.9495260879834	5.535947723971265	1.5677023116326079	2.104939325766729	345.1110370340759	11.863531943472685	6.895950271701965e-06	0.01877005090402111	vapor
175.7286432160804	0.1	1.1082482266623808	0.9023249268005752	557.4141457003298	647.6466383803872	5.55135212327431	1.5678228740381184	2.10467693422027	346.4119185394683	11.707714738617472	6.945351421633997e-06	0.018921635416465018	vapor
177.0100502512563	0.1	1.1000093906305775	0.9090831483054456	559.4351214316049	650.3434362621493	5.56664281846613	1.5679657723578608	2.1044485234221506	347.7068089754722	11.555306793837522	6.9946183204926796e-06	0.019073330475792072	vapor
178.29145728643215	0.1	1.091894906780547	0.9158390553798815	561.4560574611265	653.0399629991148	5.581821693428703	1.5681310640563064	2.104253669406698	348.9957710027271	11.406190655618063	7.043752604368458e-06	0.01922515527436906	vapor
179.57286432160805	0.1	1.0839019014875015	0.9225927167649046	563.4769896706254	655.7362613471157	5.5968905887189715	1.5683188324940065	2.10409199944963	350.2788650325111	11.260254233113214	7.092755862358523e-06	0.01937713379705708	vapor
180.85427135678393	0.1	1.0760275920258366	0.9293441984301727	565.4979537720976	658.4323736151149	5.611851303151491	1.5685291846579106	2.1039631881814507	351.5561493304426	11.117390498712364	7.141629638804093e-06	0.0195292967569159	vapor
182.1356783919598	0.1	1.0682692828590055	0.9360935637161666	567.5189853519206	661.1283417235372	5.626705595298753	1.568762249038557	2.1038669539677746	352.82768011566316	10.977497208217766	7.190375435386167e-06	0.019681684750288232	vapor
183.4170854271357	0.1	1.0606243621177045	0.9428408734675315	569.5401199113747	663.8242072581278	5.641455184914386	1.5690181736426654	2.1038030555350806	354.09351165578505	10.840476639208989	7.238994713090422e-06	0.019834353714468483	vapor
184.69849246231155	0.1	1.0530902982548012	0.9495861861582209	571.561392903806	666.520011519628	5.6561017542841325	1.5692971241307647	2.1037712888224176	355.35369635786316	10.706235346278412	7.2874888940511945e-06	0.019987385130402775	vapor
185.97989949748745	0.1	1.0456646368662799	0.9563295580090279	573.5828397686541	669.2157955695569	5.6706469495090825	1.5695992820704516	2.1037714840413666	356.6082848556304	10.574683931920157	7.335859363283471e-06	0.020140907222882334	vapor
187.26130653266333	0.1	1.0383449976682544	0.9630710430980423	575.6044959625418	671.9116002723462	5.6850923817253145	1.5699248432967905	2.1038035029282263	357.8573260932082	10.445736831948784	7.384107470311112e-06	0.020295146331390807	vapor
188.5427135678392	0.1	1.0311290716207864	0.9698106934645379	577.6263969876192	674.6074663340729	5.699439628263853	1.5702740163721398	2.1038672361738557	359.1008674054931	10.319312114408303	7.432234530698853e-06	0.02045058674269194	vapor
189.8241206030151	0.1	1.0240146181899188	0.976548559206735	579.6485784173298	677.3034343380032	5.713690233754462	1.5706470211384265	2.103962601017925	360.33895459539673	10.195331291011742	7.480241827494968e-06	0.020608813289344798	vapor
191.10552763819095	0.1	1.0169994627399026	0.9832846885738717	581.6710759197645	679.9995447771518	5.727845711176655	1.5710440873555171	2.1040895389955216	361.5716320081038	10.073719140224554	7.528130612590872e-06	0.02076093897887982	vapor
192.38693467336685	0.1	1.010081494048162	0.9900191280529675	583.6939252787512	682.695838084048	5.7419075428610205	1.5714654534199357	2.1042480138251616	362.79894260249864	9.954403541171944	7.575902108003555e-06	0.020903312843205898	vapor
193.66834170854273	0.1	1.003258661936041	0.9967519224506344	585.7171624128152	685.3923546578786	5.755877181443692	1.571911365158662	2.1044380094281894	364.0209280198963	9.837315317613443	7.623557507086074e-06	0.021049024203892295	vapor
194.9497487437186	0.1	0.9965289750088349	1.003483114970274	587.7408233921449	688.0891348891722	5.769756050776724	1.5723820746932593	2.1046595280704494	365.23762865020586	9.72238809128437	7.671097975671086e-06	0.021196073536968455	vapor
196.23115577889448	0.1	0.9898904984990452	1.010212747284961	589.7649444536814	690.7862191821777	5.783545546796841	1.5728778393699656	2.1049125886179336	366.44908369563893	9.609558143957637	7.718524653151944e-06	0.021343920361357415	vapor
197.51256281407035	0.1	0.9833413522071922	1.0169408596062965	591.7895620144444	693.4836479750741	5.797247038354894	1.573398920751762	2.1051972248987316	367.65533123206984	9.49876428762749	7.765838653505509e-06	0.02149232711687798	vapor
198.79396984924625	0.1	0.976879708534883	1.0236674907494931	593.8147126831991	696.1814617581483	5.810861868008247	1.5739455836687926	2.1055134841643803	368.8564082681455	9.389947742262269	7.813041066260416e-06	0.02164116660850956	vapor
200.0753768844221	0.1	0.97050379060517	1.0303926781949375	595.8404332705651	698.879701090059	5.824391352778112	1.5745180953237956	2.10586142564418	370.0523508022322	9.283052020614159	7.860132957414604e-06	0.02179036293180864	vapor
201.356783919598	0.1	0.9642118704655557	1.0371164581464491	597.8667607976613	701.5784066123061	5.837836784873758	1.575116724449479	2.106241119186643	371.2431938772832	9.178022819612634	7.907115370305087e-06	0.021939867716642556	vapor
202.63819095477388	0.1	0.9580022673692873	1.0438388655864461	599.8937325033676	704.2776190620121	5.851199432385409	1.5757417405150345	2.1066526439826836	372.4289716337021	9.074807917903025	7.95398932643322e-06	0.022089648881865195	vapor
203.91959798994975	0.1	0.9518733461308476	1.0505599343282135	601.9213858502948	706.977379283116	5.864480539947467	1.5763934129791866	2.10709608736559	373.60971736027204	8.973357079124296	8.000755826248182e-06	0.022239684686063375	vapor
205.20100502512565	0.1	0.9458235155518142	1.0572796970654488	603.9497585295328	709.6777282360778	5.877681329373704	1.5770720105873857	2.107571543683224	374.7854635432162	8.873621960549913	8.047415849891285e-06	0.02238996031298627	vapor
206.4824120603015	0.1	0.9398512269134763	1.0639981854192557	605.9788884642537	712.3787070061793	5.890803000265862	1.5777778007109247	2.108079113238233	375.9562419134489	8.775556026743205	8.09397035790355e-06	0.02254046578509662	vapor
207.7638190954774	0.1	0.933954972532825	1.070715429982738	608.0088138122387	715.0803568105127	5.90384673059706	1.5785110487259226	2.1086189012923757	377.1220834920742	8.679114467904045	8.140420291898801e-06	0.022691194623469073	vapor
209.04522613065328	0.1	0.9281332843787335	1.077431460363338	610.039572967393	717.7827190037267	5.916813677271347	1.5792720174302617	2.109191017131366	378.2830186341838	8.584254122606954	8.186766575204236e-06	0.02284214295120887	vapor
210.32663316582915	0.1	0.9223847327453241	1.084146305223057	612.0712045603117	720.4858350826173	5.9297049766606165	1.580060966496696	2.109795573186886	379.43907707100306	8.49093340465253	8.233010113470663e-06	0.022993308872769708	vapor
211.60804020100505	0.1	0.9167079249797054	1.0908599923166789	614.1037474579555	723.1897466896235	5.942521745120033	1.5808781519604636	2.110432684212675	380.5902879504307	8.399112233773742	8.279151795253916e-06	0.023144692031578106	vapor
212.8894472361809	0.1	0.9111015042614152	1.0975725485281143	616.1372407624912	725.8944956153025	5.955265079483098	1.5817238257398485	2.111102466511788	381.7366798760165	8.30875196995716	8.325192492569358e-06	0.02329629328669069	vapor
214.1708542713568	0.1	0.905564148431064	1.1042839999049774	618.1717238093504	728.6001237998481	5.967936057537357	1.5825982351882182	2.1118050372123625	382.8782809444158	8.219815351156143	8.371133061420885e-06	0.023448114471168974	vapor
215.45226130653268	0.1	0.9000945688658144	1.110994371691492	620.2072361645564	731.3066733337057	5.980535738481745	1.5835016226761687	2.1125405135893476	384.01511878136097	8.132266434188574	8.416974342305973e-06	0.023600158207924462	vapor
216.73366834170855	0.1	0.8946915093994635	1.1177036883598257	622.2438176213683	734.0141864573509	5.993065163366474	1.5844342252024706	2.1133090124298772	385.14722057618593	8.04607053862626	8.46271716069807e-06	0.023752427766865338	vapor
218.01507537688443	0.1	0.8893537452850206	1.1244119736399372	624.2815081962863	736.7227055602801	6.005525355516345	1.5853962740325909	2.114110649440073	386.2746131149378	7.96119419349642	8.508362327507668e-06	0.02390492695228823	vapor
219.2964824120603	0.1	0.8840800821977897	1.1311192505480248	626.3203481244632	739.4322731792656	6.017917320938279	1.5863879943636199	2.1149455386912037	387.39732281211093	7.877605086628149	8.553910639523155e-06	0.024057660012800387	vapor
220.5778894472362	0.1	0.8788693552770732	1.1378255414136484	628.3603778545618	742.1429319959268	6.030242048713879	1.587409605014503	2.1158137921032854	388.5153757410341	7.79527201648794	8.59936287983265e-06	0.024210631568289384	vapor
221.85929648241208	0.1	0.8737204282047192	1.1445308679056003	630.4016380431003	744.8547248336604	6.042500511377724	1.588461318140525	2.116715518964279	389.6287976629417	7.714164846359139	8.644719818227763e-06	0.024363846549966765	vapor
223.14070351758795	0.1	0.8686321923188247	1.151235251056592	632.4441695483207	747.56769465398	6.054693665282091	1.5895433389710312	2.117650825483157	390.7376140547599	7.634254460729975	8.689982211590337e-06	0.024517310150575712	vapor
224.42211055276383	0.1	0.8636035657610027	1.1579387112868222	634.4880134236168	750.2818845522994	6.066822450948795	1.590655865569437	2.118619814375239	391.84185013563666	7.555512723763487	8.735150804263034e-06	0.02467102778259027	vapor
225.7035175879397	0.1	0.8586334926557018	1.1646412684264855	636.5332109105591	752.9973377532078	6.078887793408702	1.5917990886146056	2.119622584478227	392.94153089224324	7.477912439731677	8.780226328404606e-06	0.024825005042768876	vapor
226.9849246231156	0.1	0.8537209423201476	1.1713429417372747	638.5798034315426	755.7140976052702	6.090890602529578	1.5929731912027005	2.1206592303975	394.0366811028755	7.401427315303534	8.82520950433069e-06	0.024979247681813796	vapor
228.26633165829148	0.1	0.8488649085035509	1.178043749932934	640.6278325820994	758.4322075753926	6.102831773332767	1.5941783486686822	2.1217298421792883	395.1273253603823	7.3260319235837255	8.87010104084086e-06	0.025133761578175654	vapor
229.54773869346735	0.1	0.8440644086542914	1.1847437111989116	642.6773401228922	761.1517112427836	6.1147121862992595	1.595414728426622	2.1228345050104007	396.2134880939476	7.2517016698059376	8.914901635532603e-06	0.025288552715246358	vapor
230.82914572864323	0.1	0.8393184832138632	1.191442843211156	644.728367971434	763.8726522925497	6.126532707665643	1.5966824898280538	2.1239732989432643	397.295193589752	7.178412758590348	8.959611975102989e-06	0.025443627161357615	vapor
232.1105527638191	0.1	0.8346261949364174	1.1981411631541004	646.7809581935412	766.5950745089511	6.1382941897104	1.5979817840376052	2.1251462986450838	398.3724660105404	7.106142162681222	9.00423273563847e-06	0.025598991052116608	vapor
233.39195979899498	0.1	0.8299866282328048	1.2048386877378798	648.8351529945677	769.3190217683557	6.149997471031015	1.5993127539251761	2.126353573169981	399.44532941412155	7.034867593085154	9.048764582893646e-06	0.02575465057469892	vapor
234.67336683417088	0.1	0.825398888538071	1.2115354332148167	650.8909947104274	772.0445380319092	6.161643376812297	1.6006755339739605	2.127595185753047	400.5138077708241	6.964567470536337	9.093208172559251e-06	0.02591061195380853	vapor
235.95477386934675	0.1	0.8208621017014147	1.2182314153952085	652.9485257984385	774.7716673379593	6.173232719086346	1.602070250203628	2.128871193625246	401.5779249799351	6.8952208982188905	9.137564150520186e-06	0.02606688143905002	vapor
237.23618090452263	0.1	0.8163754133976583	1.224926649662461	655.0077888280077	777.5004537942539	6.184766296984511	1.6034970201079954	2.1301816478481976	402.6377048851467	6.8268076356815275	9.181833153103839e-06	0.026223465293525042	vapor
238.5175879396985	0.1	0.8119379885593376	1.2316211509875898	657.0688264711806	780.2309415699397	6.196244896981758	1.6049559526065655	2.131526593167893	403.6931712890342	6.759308073883056	9.226015807319278e-06	0.02638036978347764	vapor
239.79899497487438	0.1	0.8075490108285553	1.238314933943127	659.1316814930723	782.963174887385	6.207669293133703	1.6064471480092897	2.1329060678864202	404.744347966592	6.692703211311439	9.270112731087715e-06	0.02653760116886567	vapor
241.08040201005025	0.1	0.8032076820277804	1.2450080127164587	661.1963967422047	785.6971980138507	6.219040247306749	1.6079706979939683	2.1343201037508317	405.79125867785217	6.62697463112231	9.314124533464686e-06	0.026695165694735772	vapor
242.36180904522615	0.1	0.798913221648824	1.2517004011226232	663.2630151407643	788.4330552530266	6.230358509401536	1.6095266855956987	2.135768725858332	406.8339271796093	6.562104479246141	9.358051814854271e-06	0.026853069583315077	vapor
243.64321608040203	0.1	0.7946648663592506	1.2583921126165931	665.3315796747992	791.1707909364584	6.2416248175700515	1.6111151852077996	2.137251952576962	407.8723772362773	6.498075443416464	9.401895167215768e-06	0.027011319026735064	vapor
244.9246231155779	0.1	0.7904618695255216	1.2650831603050692	667.4021333843759	793.9104494148828	6.252839898426687	1.612736262593674	2.1387697954810196	408.9066326299025	6.4348707330740105	9.445655174263141e-06	0.027169920180326674	vapor
246.20603015075378	0.1	0.7863035007522017	1.271773556957803	669.4747193537065	796.6520750494867	6.264004467253459	1.614389974909057	2.1403222593004716	409.9367171693575	6.372474060104418	9.489332411657633e-06	0.02732887915642428	vapor
247.48743718592965	0.1	0.782189045436589	1.2784633150184774	671.5493807012649	799.3957122031128	6.275119228199695	1.6160763707341506	2.1419093418836437	410.9626546987405	6.31086962036972	9.532927447193701e-06	0.02748820201863578	vapor
248.76884422110555	0.1	0.7781178043381566	1.2851524466151623	673.6261605699065	802.1414052314227	6.286184874476393	1.6177954901151272	2.1435310341725096	411.9844691050043	6.250042075995878	9.576440840978747e-06	0.027647894776530346	vapor
250.05025125628143	0.1	0.7740890931622285	1.2918409635703607	675.705102117004	804.8891984740401	6.297202088545512	1.6195473646145235	2.145187320189898	413.0021843248396	6.1899765383809155	9.619873145606804e-06	0.027807963380716602	vapor
251.3316582914573	0.1	0.7701022421573301	1.2985288774106727	677.7862485046119	807.6391362456791	6.3081715423043505	1.621332017370038	2.1468781770380105	414.01582435083685	6.130658551890062	9.6632249063265e-06	0.02796841371827112	vapor
252.61306532663318	0.1	0.7661565957256845	1.3052161993760882	679.869642889676	810.3912628272849	6.319093897265302	1.623149463161285	2.148603574907616	415.0254132369512	6.0720740782063904	9.706496661203419e-06	0.02812925160849677	vapor
253.89447236180905	0.1	0.762251512046349	1.3119029404289257	681.955328414292	813.1456224571845	6.329969804731091	1.6249997084840528	2.1503634770973408	416.03097510329303	6.01420948130687	9.74968894127739e-06	0.02829048279898536	vapor
255.17587939698493	0.1	0.7583863627105079	1.318589111262436	684.0433481960321	815.9022593222757	6.340799905965756	1.6268827516316315	2.152157840042486	417.0325341402713	5.957051513035703	9.792802270714513e-06	0.028452112961960513	vapor
256.4572864321608	0.1	0.7545605323684565	1.3252747223090828	686.1337453183461	818.6612175492543	6.351584832361498	1.628798582782793	2.153986613352834	418.03011461211037	5.900587299248082	9.835837166954523e-06	0.028614147690886348	vapor
257.7386934673367	0.1	0.7507734183878398	1.3319597837485142	688.2265628210456	821.422541195897	6.362325205601577	1.6307471840960173	2.1558497398589007	419.02374085976516	5.844804326499171	9.878794140853418e-06	0.028776592497324484	vapor
259.0201005025126	0.1	0.747024430522715	1.3386443055152433	690.3218436908836	824.186274242408	6.37302163781944	1.6327285298095644	2.1577471556661414	420.01343730325937	5.789690429254058	9.921673696821732e-06	0.028939452808022823	vapor
260.30150753768845	0.1	0.743312990593042	1.345328297306043	692.4196308522354	826.9524605828398	6.383674731754181	1.6347425863470189	2.1596787902166183	420.99922844346855	5.735233777596339	9.96447633295845e-06	0.029102733962223324	vapor
261.5829145728643	0.1	0.7396385321742092	1.352011768587074	694.5199671578921	829.7211440165995	6.394285080902521	1.636789312427934	2.161644566357662	421.9811388633716	5.681422865413397	1.0007202541180941e-05	0.029266441209179813	vapor
262.8643216080402	0.1	0.7360005002962253	1.3586947286007554	696.6228953799687	832.4923682400442	6.40485326966743	1.6388686591832102	2.1636444004170676	422.9591932287949	5.628246499038165	1.0049852807350918e-05	0.029430579705868862	vapor
264.1457286432161	0.1	0.732398351152227	1.3653771863723827	698.728458200941	835.2661768381793	6.415379873503503	1.6409805702748748	2.165678202284404	423.9334162886692	5.575693786327864	1.0092427611396605e-05	0.02959515451489169	vapor
265.427135678392	0.1	0.7288315518159542	1.372059150716518	700.8366982048108	838.0426132764627	6.425865459059222	1.6431249820199194	2.1677458754980012	424.9038328748252	5.523754126161315	1.0134927427431347e-05	0.029760170602548635	vapor
266.70854271356785	0.1	0.725299579967877	1.3787406302431464	702.9476578684105	840.8217208927251	6.436310584316253	1.6453018235178742	2.1698473173372324	425.8704679013464	5.472417198337273	1.0177352723868714e-05	0.029925632837087303	vapor
267.9899497487437	0.1	0.721801923629656	1.3854216333636187	705.061379552851	843.6035428892128	6.446715798725829	1.6475110167818077	2.1719824189196837	426.83334636350514	5.421672953857149	1.0219703963534262e-05	0.03009154598710809	vapor
269.2713567839196	0.1	0.7183380809066418	1.392102168296385	707.1779054951165	846.3881223247549	6.457081643342359	1.649752476872452	2.1741510653028637	427.79249333629866	5.371511605576254	1.0261981603774084e-05	0.03025791472012642	vapor
270.5527638190955	0.1	0.7149075597381239	1.3987822430725276	709.297277799814	849.1755021070667	6.467408650954375	1.652026112035159	2.1763531355900674	428.74793397261124	5.321923619208519	1.0304186096560277e-05	0.030424743601280058	vapor
271.8341708542714	0.1	0.7115098776550571	1.405461865541105	711.419538431077	851.9657249851874	6.47769734621288	1.6543318238394145	2.178588503040077	429.69969350101985	5.272899704670238	1.0346317888593441e-05	0.03059203709217848	vapor
273.11557788944725	0.1	0.708144561545	1.4121410433743105	713.5447292046356	854.7588335420666	6.4879482457572	1.6566695073206343	2.1808570351803582	430.6477972232662	5.224430807749261	1.038837742140226e-05	0.030759799549885673	vapor
274.3969849246231	0.1	0.704811147424016	1.4188197840724528	715.6728917800465	857.5548701872916	6.498161858338445	1.6590390511239852	2.183158593923427	431.5922705114136	5.176508102086463	1.0430365131440437e-05	0.03092803522603305	vapor
275.678391959799	0.1	0.701509180215289	1.4254980949687728	717.804067653093	860.3538771499705	6.508338684940625	1.6614403376499873	2.1854930356861137	432.53313880471006	5.129122981457169	1.0472281450180847e-05	0.031096748266054863	vapor
276.9597989949749	0.1	0.698238213534229	1.4321759832340917	719.9382981483557	863.1558964717649	6.518479218899524	1.6638732432016452	2.187860211511398	433.47042760617546	5.082267052340536	1.051412680420725e-05	0.031265942708542674	vapor
278.2412060301508	0.1	0.694997809479836	1.4388534558813066	722.0756244119557	865.9609700000865	6.528583946019403	1.6663376381328945	2.1902599671925604	434.4041624789337	5.035932126765649	1.0555901615303413e-05	0.03143562248471271	vapor
279.52261306532665	0.1	0.6917875384321144	1.4455305197697352	724.2160874044749	868.7691393814486	6.538653344687578	1.6688333869981251	2.1926921433993765	435.3343690423063	4.990110215423399	1.059760630053998e-05	0.03160579141798282	vapor
280.8040201005025	0.1	0.6886069788553255	1.4522071816093187	726.359727894051	871.580446054983	6.548687885986997	1.6713603487025905	2.1951565758061022	436.26107296768754	4.944793521033869	1.0639241272358957e-05	0.03177645322365203	vapor
282.0854271356784	0.1	0.6854557171068874	1.4588834479646828	728.5065864496547	874.394931246123	6.558688033806793	1.6739183766534798	2.1976530952209936	437.18429997421737	4.899974431959299	1.0680806938656036e-05	0.031947611508682396	vapor
283.3668341708543	0.1	0.6823333472517265	1.4655593252590657	730.6567034345424	877.2126359604489	6.568654244950966	1.6765073189114725	2.200181527717156	438.10407582426956	4.855645516053167	1.0722303702860742e-05	0.032119269771573505	vapor
284.6482412060302	0.1	0.6792394708818991	1.4722348197781225	732.8101189998949	880.0336009777074	6.578586969245158	1.6791270183425877	2.2027416947644674	439.02042631877356	4.811799514736235	1.0763731964014557e-05	0.032291431402332656	vapor
285.92964824120605	0.1	0.6761736969413082	1.4789099376736032	734.966873078636	882.8578668459962	6.588486649641681	1.6817773127701474	2.205333413362387	439.9333772923832	4.768429337291035	1.0805092116847032e-05	0.03246409968252931	vapor
287.2110552763819	0.1	0.6731356415553472	1.485584684966911	737.1270053794321	885.6854738761233	6.598353722322756	1.6844580351266913	2.207956496173442	440.8429546085117	4.7255280553663885	1.0846384551849974e-05	0.03263727778543488	vapor
288.4924623115578	0.1	0.670124927865305	1.4922590675525502	739.2905553808778	888.5164621361329	6.608188616802036	1.6871690136056783	2.210610751657192	441.74918415424446	4.683088897683935	1.0887609655349801e-05	0.032810968776243545	vapor
289.7738693467337	0.1	0.6671411858673791	1.4989330912014625	741.4575623258601	891.3508714460064	6.617991756024526	1.689910071812819	2.2132959842044997	442.6520918351478	4.6411052449391805	1.0928767809578058e-05	0.03298517561236946	vapor
291.05527638190955	0.1	0.6641840522561452	1.505606761564257	743.6280652161105	894.188741372536	6.627763556464836	1.6926810289169043	2.2160119942719234	443.55170356998644	4.599570624889623	1.0969859392740232e-05	0.03315990114381674	vapor
292.33668341708545	0.1	0.6612531702723371	1.5122800841743413	745.8021028069344	897.0301112243686	6.637504428223901	1.6954816997999835	2.2187585785160784	444.44804528536326	4.558478707622926	1.1010884779082868e-05	0.0333351481136227	vapor
293.6180904522613	0.1	0.6583481895548011	1.51895306445095	747.9797136021268	899.8750200472217	6.647214775124158	1.6983118952067577	2.2215355299277912	445.3411429102956	4.5178233009985265	1.1051844338959077e-05	0.033510919158362795	vapor
294.8994974874372	0.1	0.655468765996485	1.5256257077020854	750.1609358490649	902.7235066192735	6.656894994803241	1.7011714218930825	2.224342637965926	446.2310223707403	4.477598346255998	1.1092738438892472e-05	0.033687216808724336	vapor
296.1809045226131	0.1	0.6526145616043388	1.5322980191273619	752.3458075339844	905.5756094467206	6.666545478806225	1.7040600827734393	2.2271796886907134	447.11770958407976	4.437797913784147	1.113356744163955e-05	0.033864043490138995	vapor
297.46231155778895	0.1	0.6497852443629988	1.5389700038207634	754.5343663774333	908.4313667595097	6.676166612676441	1.706977677067283	2.2300464648964655	448.0012304535818	4.398416199044738	1.1174331706250629e-05	0.034041401523472785	vapor
298.74371859296485	0.1	0.6469804881021344	1.5456416667733215	756.7266498299047	911.2908165072369	6.685758776044921	1.7099240004441563	2.2329427462435576	448.8816108628436	4.359447518645131	1.1215031588129375e-05	0.03421929312577126	vapor
300.0251256281407	0.1	0.6441999723673465	1.5523130128757026	758.9226950676443	914.1539963552145	6.6953223427184865	1.7128988451674672	2.2358683093895366	449.7588766702307	4.320886306554372	1.125566743909092e-05	0.03439772041105787	vapor
301.3065326633166	0.1	0.6414433822944998	1.5589840469207297	761.1225389886364	917.0209436807095	6.7048576807665246	1.7159020002368508	2.238822928119269	450.63305370332193	4.2827271104573335	1.1296239607418642e-05	0.03457668539118215	vapor
302.5879396984925	0.1	0.638710408487389	1.565654773605814	763.3262182087608	919.8916955693422	6.7143651526064545	1.7189332515290157	2.2418063734740032	451.50416775337027	4.244964588241894	1.133674843791964e-05	0.03475618997671156	vapor
303.86934673366835	0.1	0.6360007468986291	1.5723251975353232	765.5337690581222	922.7662888116546	6.723845115087951	1.7219923819370044	2.244818413879267	452.372244569788	4.207593504614166	1.1377194271978992e-05	0.03493623597787007	vapor
305.1507537688442	0.1	0.6333140987136713	1.5789953232228795	767.7452275775515	925.6447598998394	6.7332979195759135	1.7250791715077882	2.247858815271498	453.2373098546663	4.17060872783708	1.141757744761277e-05	0.035116825105521006	vapor
306.4321608040201	0.1	0.6306501702378533	1.5856651550935827	769.960629515273	928.5271450246314	6.742723912032251	1.7281933975781285	2.250927341223314	454.09938925733695	4.13400522658781	1.1457898299519844e-05	0.03529795897218365	vapor
307.713567839196	0.1	0.6280086727863838	1.5923346974861738	772.1800103237383	931.4134800723558	6.752123433096449	1.7313348349086424	2.254023753067368	454.9585083689839	4.097778066929566	1.1498157159132583e-05	0.03547963909309118	vapor
308.9949748743719	0.1	0.625389322577177	1.5990039546551318	774.4034051566264	934.3038006221396	6.7614968181649875	1.734503255816006	2.2571478100186884	455.814692717314	4.061922409393666	1.1538354354666416e-05	0.03566186688728117	vapor
310.27638190954775	0.1	0.622791840626448	1.6056729307727111	776.6308488660019	937.198141943273	6.770844397469626	1.7376984303032506	2.260299269295444	456.6679677612913	4.026433506167682	1.1578490211168326e-05	0.03584464367872157	vapor
311.5577889447236	0.1	0.6202159526469858	1.612341629930921	778.8623759996367	940.0965389927289	6.780166496154569	1.7409201261880973	2.2634778862380855	457.51835888594394	3.991306698385852	1.1618565050564286e-05	0.03602797069746072	vapor
312.8391959798995	0.1	0.6176613889490256	1.6190100561434448	781.0980207984862	942.9990264128307	6.789463434352511	1.7441681092292758	2.2666834144267742	458.365891397248	3.9565374135179634	1.1658579191705689e-05	0.036211849080814956	vapor
314.1206030150754	0.1	0.6151278843436406	1.6256782133475043	783.3378171943222	945.9056385290727	6.798735527259631	1.7474421432508036	2.2699156057970753	459.21059051709625	3.922121162853067	1.1698532950414771e-05	0.036396279874573195	vapor
315.4020100502513	0.1	0.6126151780485786	1.6323461054056727	785.5817988075166	948.8164093480838	6.807983085209521	1.7507419902641719	2.2731742107538477	460.05248137835486	3.8880535390744932	1.173842663952908e-05	0.0365812640342319	vapor
316.68341708542715	0.1	0.6101230135964698	1.639013736107636	787.8299989449765	951.7313725557403	6.8172064137460575	1.7540674105884153	2.276458978283293	460.8915890200144	3.854330213922839	1.1778260568945013e-05	0.036766802426249946	vapor
317.964824120603	0.1	0.6076511387453388	1.6456811091719044	790.0824505982259	954.6505615154164	6.826405813695272	1.7574181629680292	2.279769656063119	461.72793838244047	3.8209469359436943	1.1818035045660468e-05	0.0369528958293252	vapor
319.2462311557789	0.1	0.6051993053913512	1.652348228247472	792.3391864416319	957.5740092663791	6.8355815812362115	1.7607940046887152	2.2831059905707907	462.56155430272565	3.787899528316887	1.1857750373816577e-05	0.03713954493568744	vapor
320.5276381909548	0.1	0.6027672694837287	1.6590150969154345	794.6002388307742	960.5017485223177	6.844734007970786	1.7641946916909228	2.286467727189825	463.3924615101493	3.755183886764312	1.189740685473858e-05	0.03732675035241144	vapor
321.8090452261307	0.1	0.6003547909417699	1.6656817186905615	796.8656398009525	963.4338116700087	6.853863380992675	1.7676199786811784	2.289854610314102	464.22068462174764	3.7227959775333614	1.1937004786975893e-05	0.03751451260274419	vapor
323.09045226130655	0.1	0.5979616335739185	1.672348097022821	799.1354210658317	966.3702307681135	6.862969982955261	1.77106961924118	2.2932663834501854	465.046248137997	3.69073183545326	1.1976544466341377e-05	0.037702832127443464	vapor
324.3718592964824	0.1	0.5955875649988157	1.6790142352988657	801.409614016221	969.3110375461075	6.872054092138617	1.7745433659346443	2.2967027893176013	465.86917643861307	3.6589875620613888	1.201602618594976e-05	0.03789170928613293	vapor
325.6532663316583	0.1	0.5932323565682812	1.6856801368434793	803.6882497189841	972.256263403332	6.881115982515564	1.7780409704119007	2.3001635699470864	466.6894937784699	3.627559323797232	1.2055450236255344e-05	0.03808114435866377	vapor
326.9346733668342	0.1	0.5908957832921705	1.6923458049209779	805.9713589160774	975.2059394081751	6.890155923816823	1.7815621835122155	2.3036484667767616	467.50722428363855	3.5964433502612776	1.209481690508893e-05	0.038271137546488476	vapor
328.2160804020101	0.1	0.5885776237650501	1.6990112427365784	808.2589720237156	978.1600962973735	6.8991741815952565	1.7851067553638567	2.307157220746251	468.32239194754976	3.5656359325364515	1.2134126477694047e-05	0.03846168897404022	vapor
329.49748743718595	0.1	0.586277660094643	1.7056764534377273	810.5511191316573	981.11876447543	6.908171017289219	1.7886744354818818	2.31068957238871	469.13502062728077	3.5351334215697827	1.2173379236762451e-05	0.03865279869012023	vapor
330.7788944723618	0.1	0.5839956778319917	1.712341440115397	812.8478300026147	984.0819740141545	6.917146688285046	1.7922649728636602	2.314245261920768	469.9451340399676	3.5049322266120395	1.2212575462468924e-05	0.03884446666928814	vapor
332.0603015075377	0.1	0.581731465903294	1.71900620580534	815.1491340717782	987.0497546523123	6.926101447978654	1.7958781160821244	2.3178240293303793	470.7527557593449	3.4750288137131453	1.225171543250545e-05	0.03903669281326032	vapor
333.3417085427136	0.1	0.5794848165433606	1.7256707534893174	817.4550604464544	990.0221357953862	6.935035545836319	1.7995136133767655	2.3214256144625853	471.5579092124126	3.4454197042712664	1.229079942211467e-05	0.03922947695230513	vapor
334.6231155778895	0.1	0.5772555252306504	1.7323350860962938	819.7656379058191	992.9991465154484	6.943949227454582	1.8031712127423678	2.325049757103182	472.3606176762319	3.416101473633559	1.2329827704122733e-05	0.039422818846644385	vapor
335.90452261306535	0.1	0.5750433906238447	1.7389992065035902	822.0808949007771	995.9808155511362	6.95284273461935	1.8068506620154972	2.328696197060297	473.160904274849	3.387070749746629	1.2368800548971551e-05	0.039616718187852236	vapor
337.1859296482412	0.1	0.5728482144999077	1.7456631175380246	824.4008595539296	998.9671713077321	6.961716305364168	1.81055170895876	2.3323646742438893	473.9587919763476	3.3583242118548227	1.2407718224750383e-05	0.039811174600256835	vapor
338.4673366834171	0.1	0.5706698016936029	1.752326821977007	826.7255596596441	1001.9582418573448	6.97057017402769	1.8142741013428316	2.3360549287431636	474.7543035900312	3.329858589244494	1.2446580997226899e-05	0.04000618764233426	vapor
339.748743718593	0.1	0.5685079600384185	1.7589903225496124	829.0550226842239	1004.9540549391852	6.979404571310335	1.818017587026278	2.3397667009019245	475.54746176373203	3.301670660032571	1.2485389129877624e-05	0.04020175680810591	vapor
341.03015075376885	0.1	0.5663625003088669	1.7656536219376247	831.3892757661803	1007.9546379599427	6.988219724330183	1.8217819140331912	2.3434997313918715	476.3382889812489	3.273757249997673	1.2524142883917821e-05	0.040397881528528884	vapor
342.31155778894475	0.1	0.5642332361641176	1.772316722776557	833.7283457165934	1010.960017994249	6.997015856678077	1.825566830628635	2.347253761283847	477.12680755991244	3.246115231452183	1.2562842518330832e-05	0.04059456117288233	vapor
343.5929648241206	0.1	0.5621199840929321	1.7789796276566388	836.0722590195712	1013.9702217852353	7.005793188471951	1.8293720853919422	2.351028532117055	477.91303964827534	3.218741522153696	1.2601488289896926e-05	0.04079179505014931	vapor
344.8743718592965	0.1	0.5600225633598614	1.785642339123783	838.4210418327968	1016.9852757451754	7.014551936410424	1.8331974272878795	2.354823785966273	478.69700722393014	3.19163308425434	1.2640080453221543e-05	0.040989582410390066	vapor
346.1557788944724	0.1	0.5579407959526743	1.792304859680528	840.7747199881608	1020.0052059562137	7.023292313825631	1.8370426057356761	2.3586392655070463	479.47873209144905	3.1647869232865378	1.2678619260763072e-05	0.04118792244611096	vapor
347.43718592964825	0.1	0.5558745065309825	1.7989671917869534	843.1333189924811	1023.0300381711764	7.032014530735305	1.840907370675979	2.362474714078921	480.2582358804486	3.138200087183733	1.27171049628602e-05	0.04138681429362446	vapor
348.71859296482415	0.1	0.5538235223760322	1.8056293378615749	845.4968640283034	1026.0597978144608	7.040718793894157	1.8447914726357244	2.366329875746708	481.03554004377435	3.111869665334834	1.2755537807758618e-05	0.04158625703439938	vapor
350.0	0.1	0.5517876733416304	1.8122913002822125	847.8653799547832	1029.0945099830044	7.049405306844508	1.848694662790963	2.3702044953598014	481.8106658558069	3.0857927876709943	1.2793918041637404e-05	0.04178624969640526	vapor
