Temperature (K)	Pressure (MPa)	Density (kg/m3)	Volume (m3/kg)	Internal Energy (kJ/kg)	Enthalpy (kJ/kg)	Entropy (J/g*K)	Cv (J/g*K)	Cp (J/g*K)	Sound Spd. (m/s)	Joule-Thomson (K/MPa)	Viscosity (Pa*s)	Therm. Cond. (W/m*K)	Phase
95.0	0.2	445.8327172295204	0.0022429937538325324	-57.432396710222115	-56.98379795945533	-0.5546433654313485	2.1416443879471565	3.383178870687673	1500.4183225823501	-0.4722533258313604	0.00017998183480920382	0.20614665613255104	liquid
96.28140703517587	0.2	444.0982315241687	0.002251754069292163	-53.09530621115662	-52.644955397297814	-0.509276704980752	2.134305708591524	3.3888733047009123	1488.4747175582481	-0.46895732677691826	0.0001732354416279386	0.20454197436309096	liquid
97.56281407035176	0.2	442.354598938046	0.0022606298259375732	-48.75073613010015	-48.298610164912304	-0.4644324477639605	2.127164001395171	3.39488541824785	1476.4470263875698	-0.4655136339671756	0.00016691475800249426	0.20291430641648628	liquid
98.84422110552764	0.2	440.6014672357941	0.0022696247615190896	-44.39829236980534	-43.94436741750095	-0.42009293893910826	2.120194245155667	3.4011970550613526	1464.3383732107625	-0.4619210788715905	0.0001609821456741769	0.20126532626543545	liquid
100.12562814070351	0.2	438.8384753442012	0.00227874276341803	-40.03760069359342	-39.58185214090924	-0.37624140532612416	2.113375549722311	3.407795299207018	1452.151323895294	-0.45817737772193506	0.00015540403736784338	0.1995966013339681	liquid
101.4070351758794	0.2	437.0652519184374	0.00228798788192527	-35.668300451446925	-35.210702875061436	-0.3328618482547915	2.1066905338492012	3.4146718105457974	1439.8879361679328	-0.45427922635377405	0.0001501504251025256	0.19790959849187875	liquid
102.68844221105527	0.2	435.28141391935554	0.0022973643441281176	-31.290039085536208	-30.83056621671056	-0.2899389507797244	2.10012479734843	3.421822270110724	1427.5498028869142	-0.450222375481368	0.0001451944193116734	0.19620568958781126	liquid
103.96984924623115	0.2	433.4865651837345	0.002306876568541743	-26.90246728457777	-26.441091970869362	-0.24745799692862888	2.0936664731692605	3.429245919921672	1415.1380891645529	-0.4460016885911113	0.0001405118682857507	0.19448615655259055	liquid
105.25125628140704	0.2	431.68029497014595	0.0023165291806269677	-22.505234674548294	-22.04192883842278	-0.2054048010236202	2.0873058473154398	3.436945184357222	1402.653563972743	-0.4416111842774247	0.00013608102908383368	0.19275219610109656	liquid
106.53266331658291	0.2	429.8621764635469	0.00232632702934449	-18.09798594835373	-17.632720542484318	-0.16376564542383276	2.08103503642251	3.444925362394854	1390.0966267881372	-0.43704406451643424	0.00013188228242910625	0.19100492405791109	liquid
107.8140703517588	0.2	428.03176522175534	0.002336275204906623	-13.680357349483506	-13.213102308501831	-0.12252722529192943	2.0748477144154323	3.4531943818932826	1377.467329761684	-0.43229273007378327	0.00012789788525057437	0.18924537932911956	liquid
109.09547738693468	0.2	426.1885975467037	0.002346379057901509	-9.25197343499529	-8.78269762341434	-0.08167659919762031	2.06873888100765	3.4617626086853375	1364.7653958297576	-0.42734878396948406	0.00012411175549693044	0.1874745275400335	liquid
110.37688442211055	0.2	424.33218876274145	0.0023566442199819395	-4.81244405153113	-4.34111520753436	-0.04120114454459155	2.0627046659296147	3.470642704628178	1351.9902331211244	-0.4222030236702514	0.00012050928465884625	0.1856932643560748	liquid
111.65829145728644	0.2	422.462031383276	0.0023670766263317908	-0.36136146474216524	0.11205386052364229	-0.0010885169492637352	2.0567421637240555	3.479849529962469	1339.1409459553852	-0.416845422443629	0.00011707717411832672	0.18390241850167277	liquid
112.93969849246231	0.2	420.57759314571075	0.0023776825401479393	4.101702412187687	4.577238920217706	0.03867338718331555	2.050849294747217	3.489400086402964	1326.2163426740433	-0.41126510008297174	0.00011380329201918724	0.18210275448971855	liquid
114.2211055276382	0.2	418.6783148928964	0.0023884685794052017	8.57719874128418	9.054892457165408	0.07809646554692222	2.04502468869429	3.4993134983504683	1313.2149404941215	-0.40545028299329156	0.000110676547838561	0.180294975071858	liquid
115.50251256281408	0.2	416.7636082770939	0.002399441746207191	13.065604481397447	13.545492830640063	0.11719244286969095	2.0392675875440047	3.509611030510383	1300.1349675256477	-0.39938825340930834	0.00010768678225004715	0.1784797234176113	liquid
116.78391959798995	0.2	414.83285325976675	0.002410609459067611	17.567425154642777	18.04954704645703	0.15597290242330725	2.0335777653095835	3.5203161410538497	1286.9743620475106	-0.39306528729291346	0.00010482467021684686	0.17665758502803755	liquid
118.06532663316582	0.2	412.88539537722716	0.0024219795885159936	22.083197702980552	22.567593620683862	0.19444931658588777	2.0279554624050684	3.53145457028978	1273.7307690905284	-0.38646658022164077	0.00010208163554789873	0.17482908938728903	liquid
119.34673366834171	0.2	410.9205427381723	0.0024335604964806387	26.61349348091871	27.100205580005692	0.23263307690776758	2.0224013327991996	3.5430544656582525	1260.4015343295705	-0.3795761603246837	9.9449775400038e-05	0.17299471135289016	liquid
120.62814070351759	0.2	3.396358721248127	0.29443297427443416	466.06730212404705	524.9538969789339	4.360221599988112	1.6409640881250962	2.299550687216953	278.17729664575836	25.537054200387722	4.608945896923228e-06	0.012804239380458122	vapor
121.90954773869348	0.2	3.3537423412389864	0.298174367095406	468.25719606658197	527.8920694856632	4.384450531009179	1.634703895312679	2.2865908266009747	280.0278038494575	24.85900398477304	4.670742362978736e-06	0.012931219037899535	vapor
123.19095477386935	0.2	3.312389561890667	0.30189685763567425	470.4352872685439	530.8146587956786	4.408298941418083	1.6293277384259872	2.2751675701157588	281.8523114113136	24.227712374998028	4.731870485620266e-06	0.013060875779521334	vapor
124.47236180904522	0.2	3.272228191724877	0.3056021589597252	472.602989812796	533.7234216047409	4.431788896044398	1.6246390884946142	2.2649660139294676	283.6530382857345	23.635524234866594	4.792393391223659e-06	0.013192859798085241	vapor
125.7537688442211	0.2	3.233193903991229	0.30929168793914463	474.7614302175917	536.6197678054208	4.4549390089712775	1.6204948194012216	2.255754946185532	285.4317752165621	23.076638716881607	4.852361462143824e-06	0.013326873577574273	vapor
127.03517587939699	0.2	3.195228738644286	0.3129666392598526	476.91152333130293	539.5048511832734	4.477765301286961	1.6167897120947925	2.2473624885210213	287.18999376027364	22.54661851904753	4.911815886642048e-06	0.013462663008117503	vapor
128.31658291457288	0.2	3.1582799985041183	0.31662803819599217	479.0540262722884	542.3796339114868	4.5002818104972775	1.6134455815520907	2.2396591014299334	288.92892513824654	22.0420289628908	4.970791085979338e-06	0.013600010204829595	vapor
129.59798994974875	0.2	3.122299420183432	0.3202767785612473	481.18957701014034	545.24493272239	4.522501027522037	1.6104036202892404	2.232545669239234	290.649617449065	21.560173653664716	5.0293163927954e-06	0.013738727662923233	vapor
130.87939698492463	0.2	3.0872425388810707	0.3239136502577593	483.3187221528963	548.1014522044482	4.544434213305266	1.6076189887540293	2.225945107854969	292.35297736910553	21.09890139226786	5.08741722675404e-06	0.0138786534712086	vapor
132.1608040201005	0.2	3.053068191771205	0.3275393594860587	485.44193711465635	550.9498090118681	4.566091630882616	1.6050569806860346	2.219796426963544	294.03980072548256	20.6564653556726	5.145115930114626e-06	0.014019647371060739	vapor
133.4422110552764	0.2	3.019738121903373	0.33115454374887626	487.559640880895	553.7905496306704	4.587482717716133	1.6026902958981863	2.2140505094195584	295.7107950712631	20.231420473744688	5.202432371384233e-06	0.014161587495774265	vapor
134.72361809045225	0.2	2.987216656134513	0.3347597831400718	489.6722069262365	556.6241635542507	4.608616215546407	1.6004970939439713	2.2086670965396076	297.36659649624784	19.82254864590282	5.259384389358916e-06	0.014304367661031001	vapor
136.00502512562815	0.2	2.955470438505474	0.33835560896548206	491.77997137881476	559.4510931719112	4.629500269807833	1.5984595998744335	2.2036126232444686	299.0077822677303	19.428804212280202	5.315988126171347e-06	0.014447895104332656	vapor
137.28643216080403	0.2	2.9244682058764866	0.34194251043337703	493.8832392037688	562.2717412904443	4.650142507055262	1.5965631013066015	2.19885865416771	300.6348804411009	19.049274141825787	5.372258282231586e-06	0.014592088592101028	vapor
138.5678391959799	0.2	2.8941805963594107	0.3455209399364711	495.98228895316714	565.0864769404614	4.670550096354158	1.594795223525384	2.194380746183355	302.2483772568794	18.683148903775194	5.42820831545523e-06	0.014736876829273292	vapor
139.84924623115577	0.2	2.864579983669903	0.349091317296321	498.0773764713567	567.895639930621	4.690729798848192	1.5931454026174017	2.1901576145651154	303.8487229106854	18.32970108910191	5.483850600143076e-06	0.014882197118862957	vapor
141.13065326633165	0.2	2.835640332331611	0.35265403323479605	500.16873783316817	570.6995444801274	4.710688008503572	1.5916045000127286	2.1861705161560225	305.4363361187213	17.988269651206487	5.539196556143512e-06	0.015027994228914968	vapor
142.41206030150755	0.2	2.807337069941313	0.35620945226249756	502.2565917135747	573.4984821660743	4.730430786177816	1.5901645182755904	2.182402788276573	307.0116077843329	17.658248219642044	5.594256755726415e-06	0.015174219432189053	vapor
143.69346733668343	0.2	2.779646973613554	0.3597579151211405	504.34114133153383	576.2927243557621	4.749963888561467	1.588818389608247	2.1788394999170104	308.57490398751594	17.33907636585488	5.649041013418781e-06	0.015320829690231259	vapor
144.9748743718593	0.2	2.75254806837829	0.36329974087942696	506.42257607107996	579.0825242469654	4.769292793118071	1.5875598167545055	2.175467184315037	310.1265684592284	17.03023300890825	5.703558462560406e-06	0.015467786958575694	vapor
146.25628140703517	0.2	2.726019535782104	0.36683522875528357	508.5010728544696	581.8681186055264	4.788422719847708	1.5863831518166598	2.172273630888976	311.6669246592226	16.731231373540297	5.7578176213097706e-06	0.015615057593928635	vapor
147.53768844221105	0.2	2.7000416312954103	0.37036465971831173	510.5767973220174	584.6497292656798	4.807358650485732	1.5852833026367426	2.1692477207746235	313.19627754499624	16.441615075736486	5.811826450114958e-06	0.01576261184752279	vapor
148.81909547738695	0.2	2.674595609391343	0.3738882979126589	512.6499048588189	587.4275644413506	4.826105345595378	1.5842556593345685	2.166379294667747	314.71491509695164	16.160955029070287	5.865592402163088e-06	0.015910423431566498	vapor
150.10050251256283	0.2	2.6496636553617154	0.3774063919307095	514.7205414981825	590.2018198843243	4.844667359902926	1.5832960356896366	2.1636590448399198	316.22310964850107	15.888846950605007	5.9191224679654194e-06	0.016058469147947386	vapor
151.3819095477387	0.2	2.6252288230894227	0.38091917596089003	516.7888447241219	592.9726799162999	4.863049056144227	1.5824006215473174	2.16107842545017	317.72111905793565	15.624909307055837	5.972423214979701e-06	0.016206728570207534	vapor
152.66331658291458	0.2	2.6012749781171878	0.38442687082770605	518.8549441898466	595.7403183553878	4.881254617633218	1.5815659434957317	2.158629576884016	319.20918775013826	15.368781586653656	6.025500822984849e-06	0.016355183771352803	vapor
153.94472361809045	0.2	2.57778674544835	0.3879296849383372	520.918962365263	598.5048993529305	4.89928805972006	1.5807888318215944	2.156305261002335	320.687547649792	15.120122814435783	6.0783611157853475e-06	0.016503819091350416	vapor
155.22613065326635	0.2	2.5547494615927433	0.3914278151473045	522.981015123621	601.2665781530818	4.917153240274652	1.5800663922983953	2.1540988050074454	322.15641902296795	14.878610251940485	6.131009589718582e-06	0.016652620939273943	vapor
156.5075376884422	0.2	2.5321491304340604	0.3949214475486206	525.0412122753154	604.0255017850395	4.93485386930705	1.5793959817507572	2.1520040522266695	323.6160112404244	14.643938238989335	6.1834514393592325e-06	0.01680157762600991	vapor
157.7889447236181	0.2	2.5099723825475944	0.39841075820324806	527.099658055303	606.7818096959527	4.952393517818092	1.5787751866190247	2.150015318541099	325.06652347328	14.415817147212325	6.235691580752617e-06	0.01695067922427249	vapor
159.07035175879398	0.2	2.4882064376414488	0.4018959138084588	529.1564515693874	609.535634331079	4.969775625959086	1.578201803949373	2.148127353496439	326.5081453296971	14.193972423524409	6.287734672459794e-06	0.0170999174534355	vapor
160.35175879396985	0.2	2.466839069831653	0.40537707231475134	531.2116872037607	612.2871016667109	4.9870035105683925	1.57767382437973	2.146335305357543	327.9410574396718	13.978143707848957	6.339585134657544e-06	0.017249285587417663	vapor
161.63316582914575	0.2	2.4458585754938027	0.4088543834952136	533.2654550014879	615.0363317005306	5.0040803721436	1.5771894167964329	2.1446346895323773	329.3654319938215	13.768084013700223	6.391247166503918e-06	0.01739877838455352	vapor
162.9145728643216	0.2	2.4252537434614627	0.4123279894716262	535.3178410090924	617.7834389034176	5.021009301300861	1.5767469144123514	2.1430213599117884	330.7814332411357	13.563558963283354	6.4427247619529685e-06	0.017548392039136933	vapor
164.1959798994975	0.2	2.4050138273657296	0.415798025201096	537.3689275959804	620.5285326361997	5.037793284766799	1.5763448020723883	2.1414914827609643	332.1892179499109	13.364346070910235	6.494021724179688e-06	0.017698124155155315	vapor
165.47738693467338	0.2	2.385128519931394	0.41926461892659944	539.4187937491016	623.2717175344214	5.054435210943486	1.5759817046326297	2.1400415128653045	333.58893583550145	13.170234070026206	6.545141678756794e-06	0.017847973743701815	vapor
166.75879396984925	0.2	2.365587929063676	0.4227278925944682	541.4675153449632	626.0130938638569	5.070937875082631	1.5756563762892	2.13866817168409	334.98072995803864	12.981022280182664	6.5960880857086186e-06	0.01799794124679935	vapor
168.04020100502512	0.2	2.3463825555758917	0.42618796224154587	543.5151654008907	628.7527578492	5.087303984101504	1.5753676907550418	2.1373684273041214	336.36473709287435	12.796520011012488	6.646864250552971e-06	0.018148028591978817	vapor
169.321608040201	0.2	2.3275032724228804	0.4296449383544891	545.5618143072294	631.4908019781271	5.103536161069891	1.5751146321995213	2.136139476015681	337.7410880761821	12.61654600076353	6.697473334429602e-06	0.018298239284177332	vapor
170.6030150753769	0.2	2.3089413053179317	0.433098926203455	547.6075300420149	634.2273152827058	5.119636949394622	1.5748962868785124	2.134978725357003	339.109908127868	12.440927887290275	6.74791836340289e-06	0.01844857854468092	vapor
171.88442211055278	0.2	2.290688214622423	0.43655002615221966	549.6523783695001	636.9623835999438	5.135608816725699	1.5747118353925	2.133883778492611	340.47131715371427	12.269501709644564	6.798202237017176e-06	0.018599053511467508	vapor
173.16582914572865	0.2	2.27273587840766	0.43999833394658555	551.6964230237954	639.6960898131126	5.151454158605912	1.5745605455180611	2.132852419806549	341.82543002847484	12.102111438575262	6.848327736174529e-06	0.01874967352231321	vapor
174.44723618090453	0.2	2.2550764765975755	0.4434439409827841	553.739725878773	642.4285140753298	5.167175301883845	1.57444176556437	2.131882601604549	343.1723568614675	11.938608534370697	6.898297530397661e-06	0.018900450512945782	vapor
175.7286432160804	0.2	2.237702476109203	0.44688693455742445	555.7823471052767	645.1597340167615	5.182774507908411	1.5743549182115508	2.1309724318301915	344.5122032460573	11.778851530570387	6.9481141845339825e-06	0.01905139958011621	vapor
177.0100502512563	0.2	2.2206066169152217	0.45032739810041644	557.8243453166043	647.8898249366877	5.198253975521513	1.5742994947920368	2.13012016270955	345.84507049428856	11.62270564214709	6.997780164951219e-06	0.01920253978874816	vapor
178.29145728643215	0.2	2.2037818989595523	0.4537654113921705	559.8657777031344	650.6188599815684	5.213615843863962	1.574275049979777	2.129324180246995	347.17105585780746	11.470042396822562	7.047297845269831e-06	0.019353895353134073	vapor
179.57286432160805	0.2	2.187221569862965	0.4572010507662708	561.9067001569069	653.346910310161	5.228862195008533	1.5742811968553467	2.1285829945020223	348.4902527361099	11.320739288237183	7.096669511672884e-06	0.019505497414307172	vapor
180.85427135678393	0.2	2.1709191133610655	0.4606343892987232	563.9471673868951	656.0740452466397	5.243995056432862	1.5743176023178203	2.1278952305833627	349.8027508730546	11.174679449745605	7.145897367830063e-06	0.019657386812205666	vapor
182.1356783919598	0.2	2.15486823842195	0.4640654969847801	565.9872330256497	658.8003324226057	5.259016403343782	1.5743839828167887	2.127259620302295	351.10863654249954	11.031751347661725	7.1949835394689465e-06	0.019809618611727343	vapor
183.4170854271357	0.2	2.139062868995193	0.46749444090427394	568.0269497279419	661.5258379087965	5.273928160863862	1.5744801003801068	2.126674994432202	352.4079927238402	10.891848492826501	7.243930078623326e-06	0.019962269939341717	vapor
184.69849246231155	0.2	2.1234971343478772	0.4709212853763038	570.0663692619751	664.2506263372359	5.288732206089862	1.5746057589150437	2.1261402755260312	353.70089926816325	10.754869169421625	7.292738967585627e-06	0.02011545464033031	vapor
185.97989949748745	0.2	2.1081653599469705	0.47434609210406264	572.1055425937035	666.974761014516	5.303430370032189	1.5747608007622944	2.125654471247469	354.98743305566495	10.620716180002216	7.341412122587829e-06	0.020269353741749336	vapor
187.26130653266333	0.2	2.0930620588506725	0.47776892031052004	574.1445199647379	669.698304026842	5.318024439443615	1.574945103484032	2.1252166681754474	356.26766814492817	10.48929660577074	7.3899513972330155e-06	0.020424289271265786	vapor
188.5427135678392	0.2	2.0781819235743284	0.4811898268656237	576.1833509642935	672.4213163374183	5.332516158544898	1.575158576868695	2.1248260260450422	357.5416759146025	10.360521581163608	7.438358585697655e-06	0.02058095391070272	vapor
189.8241206030151	0.2	2.0635198183992345	0.48460886640562784	578.2220845955939	675.1438578767195	5.346907230654322	1.5754011601366285	2.1244817723909413	358.809525197984	10.234306081870235	7.486635425722848e-06	0.020741621303603432	vapor
191.10552763819095	0.2	2.0490707720951247	0.4880260914451112	580.2607693371139	677.8659876261361	5.361199319727647	1.5756728193319647	2.124183197562559	360.0712824109505	10.110568725451845	7.534783601411059e-06	0.020893271545352324	vapor
192.38693467336685	0.2	2.0348299710294073	0.491441552482199	582.2994531990183	680.5877636954583	5.375394051814463	1.575973544887347	2.123929650082444	361.3270116736713	9.989231583773458	7.582804745843514e-06	0.02103106304865229	vapor
193.66834170854273	0.2	2.020792752638254	0.494855298097465	584.3381837751213	683.3092433946142	5.389493016436436	1.5763033493491492	2.1237205323220194	362.57677492647184	9.87022000650775	7.630700443531906e-06	0.02117370445458196	vapor
194.9497487437186	0.2	2.0069545992365314	0.49826737504695495	586.3770082906707	686.0304833000616	5.403497767892579	1.5766622652518703	2.123555296470895	363.82063204020926	9.75346245501256	7.678472232717001e-06	0.021318278846993288	vapor
196.23115577889448	0.2	1.9933111321452828	0.5016778283497364	588.4159736462404	688.7515393161877	5.417409826496262	1.5770503431312854	2.1234334407779287	365.05864092147766	9.638890345925873	7.72612160752561e-06	0.02146399495690084	vapor
197.51256281407035	0.2	1.979858106117054	0.5050867013703444	590.455126457988	691.4724667320568	5.431230679748317	1.577467649666764	2.1233545060440515	366.29085761294454	9.526437903862222	7.773650019996364e-06	0.021610503011951974	vapor
198.79396984924625	0.2	1.9665914040407504	0.5084940358964768	592.4945130945215	694.1933202738168	5.444961783450301	1.5779142659439533	2.1233180723485336	367.51733638908854	9.416042022632297	7.821058881983751e-06	0.02175761413507372	vapor
200.0753768844221	0.2	1.9535070319091006	0.5118998722122499	594.5341797105973	696.9141541530472	5.458604562761651	1.5783902858297147	2.1233237559918456	368.73812984759314	9.307642134444265	7.86834956694948e-06	0.02190521423237739	vapor
201.356783919598	0.2	1.9406011140329356	0.5153042491673167	596.5741722778625	699.6350221113257	5.472160413204244	1.5788958144518412	2.1233712066396757	369.95328899662684	9.201180086579631	7.915523411648853e-06	0.022053229354872046	vapor
202.63819095477388	0.2	1.927869888487674	0.5187072042421154	598.6145366128278	702.3559774612511	5.485630701617558	1.5794309667766893	2.123460104653896	371.1628633382249	9.096600025069371	7.962581717719777e-06	0.022201609298386122	vapor
203.91959798994975	0.2	1.9153097027783654	0.5221087736095061	600.6553184022598	705.0770731241611	5.49901676706746	1.5799958662783813	2.1235901585974495	372.3669009479717	8.993848284926258	8.009525753181099e-06	0.022350318925854703	vapor
205.20100502512565	0.2	1.9029170097106327	0.5255089921930254	602.6965632261548	707.7983616647598	5.512319921711426	1.580590643693735	2.1237611029011374	373.5654485511649	8.892873286519213	8.056356753846493e-06	0.0224993331863902	vapor
206.4824120603015	0.2	1.8906883634556861	0.5289078937219777	604.7383165784528	710.5198953228485	5.525541451622745	1.5812154358575228	2.1239726956812763	374.75855159563224	8.793625437702048	8.103075924659682e-06	0.0226486340718508	vapor
207.7638190954774	0.2	1.8786204157983901	0.5323055107835675	606.7806238856426	713.2417260423564	5.538682617576212	1.5818703846130864	2.1242247166980417	375.9462543213588	8.696057041334958	8.149684440956247e-06	0.022798208662458706	vapor
209.04522613065328	0.2	1.866709912558111	0.5357018748722533	608.8235305233842	715.963905497835	5.551744655797476	1.5825556357936803	2.124516965445133	377.1285998270691	8.60012220786118	8.196183449656852e-06	0.022948047819740625	vapor
210.32663316582915	0.2	1.854953690172731	0.5390970164365027	610.8670818312887	718.6864851185894	5.564728778678228	1.5832713382703034	2.124849259362107	378.3056301339013	8.50577677262354	8.242574070396537e-06	0.023098145282235107	vapor
211.60804020100505	0.2	1.8433486724368653	0.5424909649231052	612.9113231259679	721.4095161105889	5.577636175459136	1.5840176430620485	2.125221432161397	379.477386246298	8.412978217626755	8.28885739659405e-06	0.023248497021553523	vapor
212.8894472361809	0.2	1.8318918673858784	0.5458837488191955	614.956299712466	724.1330494763052	5.590468012882413	1.5847947025053144	2.1256333322626357	380.6439082102344	8.321685597471046	8.335034496465216e-06	0.023399100772279944	vapor
214.1708542713568	0.2	1.8205803643178458	0.5492753956921262	617.0020568941849	726.8571360326102	5.603225435815701	1.5856026694784775	2.1260848213274715	381.8052351688896	8.231859469200844	8.381106413983802e-06	0.023549955681230177	vapor
215.45226130653268	0.2	1.8094113309461113	0.5526659322273153	619.048639981391	729.5818264268541	5.615909567848882	1.586441696678861	2.1265757728885544	382.96140541586846	8.143461825829785	8.427074169793243e-06	0.02370106204066658	vapor
216.73366834170855	0.2	1.7983820106755253	0.5560553842641979	621.0960942984091	732.3071711512488	5.628521511865357	1.5873119359490515	2.127106071066847	384.1124564460667	8.056456033318605	8.47293876207221e-06	0.02385242108184949	vapor
218.01507537688443	0.2	1.7874897199959114	0.5594437768303849	623.1444651895785	735.0332205556555	5.641062350589129	1.588213537649827	2.1276756093718308	385.25842500427245	7.970806770798157	8.518701167356963e-06	0.02400403481277357	vapor
219.2964824120603	0.2	1.7767318459866832	0.5628311341741409	625.1937980240633	737.7600248588915	5.653533147109099	1.589146650077129	2.128284289579571	386.39934713158823	7.886479973843116	8.564362341322992e-06	0.024155905888815044	vapor
220.5778894472362	0.2	1.7661058439269046	0.5662174797952755	627.244138199586	740.4876341586412	5.6659349453817285	1.5901114189206902	2.128932020683967	387.5352582097534	7.803442780614692	8.609923219528527e-06	0.024308037508273594	vapor
221.85929648241208	0.2	1.7556092350054506	0.5696028364745389	629.2955311451632	743.2160984400709	5.678268770713295	1.5911079867620754	2.129618717916825	388.6661930034444	7.721663480703593	8.655384718122064e-06	0.024460433327000857	vapor
223.14070351758795	0.2	1.7452396041262113	0.5729872263016114	631.3480223229069	745.9454675832291	5.690535630222792	1.592136492610038	2.1303443018327015	389.7921857006229	7.64111146651445	8.70074773451613e-06	0.024613097387857375	vapor
224.42211055276383	0.2	1.7349945978036125	0.5763706707017608	633.4016572289615	748.6757913693136	5.702736513286522	1.593197071471221	2.1311086974547395	390.9132699510016	7.561757187044257	8.746013148029219e-06	0.024766034061819892	vapor
225.7035175879397	0.2	1.7248719221439892	0.5797531904612462	635.4564813936317	751.4071194858809	5.714872391965315	1.594289853954355	2.131911833477968	392.02947890269104	7.48357210391668	8.791181820497708e-06	0.02491924799834289	vapor
226.9849246231156	0.2	1.7148693409085976	0.5831348057515362	637.5125403807631	754.1395015310704	5.726944221415326	1.5954149659062111	2.1327536415267727	393.1408452370907	7.4065286495431115	8.836254596859518e-06	0.025072744083146137	vapor
228.26633165829148	0.2	1.7049846736543164	0.5865155361524081	639.5698797864277	756.8729870169093	5.738952940283211	1.596572528077664	2.133634055463449	394.2474012020815	7.330600187289777	8.881232305711104e-06	0.025226527402019618	vapor
229.54773869346735	0.2	1.6952157939482908	0.5898954006739882	641.6285452369656	759.6076253717632	5.750899471086511	1.5977626558183222	2.134553010744964	395.3491786435789	7.2557609735380755	8.926115759839237e-06	0.025380603209540137	vapor
230.82914572864323	0.2	1.6855606276530017	0.5932744177777894	643.6885823864347	762.3434659419926	5.7627847205800125	1.5989854587982604	2.1355104438252126	396.44620903549674	7.181986121532418	8.970905756729072e-06	0.025534976901842078	vapor
232.1105527638191	0.2	1.6760171512784205	0.5966526053968045	645.7500369135087	765.0805579928696	5.7746095801087565	1.6002410407554701	2.136506291600234	397.5385235081782	7.109251566916736	9.015603079049633e-06	0.025689653992755766	vapor
233.39195979899498	0.2	1.666583390398119	0.6000299809546984	647.8129545178708	767.8189507088105	5.7863749259483965	1.6015294992677163	2.1375404908940157	398.62615287534067	7.037534034867175	9.060208495118182e-06	0.025844640092759087	vapor
234.67336683417088	0.2	1.6572574181263469	0.6034065613841539	649.8773809161459	770.5586931929768	5.798081619633537	1.6028509255475636	2.1386129779826275	399.7091276595842	6.966811008733995	9.104722759344337e-06	0.025999940890311674	vapor
235.95477386934675	0.2	1.6480373536532846	0.6067823631444101	651.9433618374018	773.2998344662838	5.80973050827462	1.6042054042593856	2.1397236881546	400.7874781165108	6.897060700111651	9.14914661265531e-06	0.026155562135202676	vapor
237.23618090452263	0.2	1.638921360835796	0.6101574022380384	654.0109430182688	776.0424234658765	5.82132242486397	1.6055930133572358	2.140872555305541	401.8612342574978	6.8282620202607065	9.193480782903002e-06	0.0263115096236309	vapor
238.5175879396985	0.2	1.6299076468411775	0.6135316942269936	656.0801701976995	778.7865090430982	5.832858188571471	1.6070138239425193	2.1420595115651326	402.93042587117196	6.76039455281008	9.237725985254084e-06	0.02646778918476538	vapor
239.79899497487438	0.2	1.620994460841517	0.6169052542479779	658.1510891114121	781.5321399610077	5.844338605030429	1.6084679001404454	2.143284486954742	403.99508254362405	6.69343852767271	9.281882922563848e-06	0.026624406668600394	vapor
241.08040201005025	0.2	1.612180092756401	0.6202780970271534	660.2237454860424	784.279364891473	5.855764466614059	1.60995529899429	2.144547409073971	405.0552336774074	6.627374796111373	9.325952285734742e-06	0.026781367934929662	vapor
242.36180904522615	0.2	1.6034628720418405	0.6236502368942324	662.2981850330356	787.0282324118821	5.8671365527030535	1.6114760703765476	2.145848202814573	406.11090850936057	6.562184806895831	9.369934754060286e-06	0.026938678843308934	vapor
243.64321608040203	0.2	1.594841166523377	0.6270216877959816	664.3744534423063	789.7787910015026	5.878455629944666	1.6130302569160935	2.1471867901002426	407.1621361272918	6.497850583495488	9.413830995555174e-06	0.027096345243885704	vapor
244.9246231155779	0.2	1.5863133812714507	0.6303924633091647	666.4525963756939	792.5310890375268	5.889722452503693	1.6146178939405031	2.1485630896508683	408.2089454855663	6.434354702255403	9.457641667272196e-06	0.027254372969003793	vapor
246.20603015075378	0.2	1.5778779575171995	0.6337625766529535	668.5326594602359	795.2851747908265	5.900937762305729	1.6162390094327312	2.1499770167699044	409.25136541963224	6.37168027150646	9.501367415606741e-06	0.027412767825494264	vapor
247.48743718592965	0.2	1.5695333716069602	0.6371320407008321	670.6146882812844	798.0410964214509	5.912102289273081	1.6178936240013766	2.1514284831536004	410.28942465952247	6.309810911563459	9.545008876589308e-06	0.027571535587587386	vapor
248.76884422110555	0.2	1.561278133993818	0.6405008679920189	672.6987283754886	800.7989019738924	5.923216751553639	1.6195817508637957	2.1529173967208783	411.32315184236836	6.2487307355675386	9.58856667616679e-06	0.027730681990378175	vapor
250.05025125628143	0.2	1.5531107882646453	0.6438690707424299	674.7848252236633	803.5586393721493	5.934281855743065	1.6213033958413534	2.154443661462716	412.3525755239612	6.188424331131972	9.632041430473e-06	0.027890212723801797	vapor
251.3316582914573	0.2	1.5450299102011353	0.6472366608552049	676.8730242435637	806.3203564146047	5.945298297100559	1.623058557366138	2.156007177309943	413.3777241893948	6.128876742752571	9.675433746088933e-06	0.02805013342706467	vapor
252.61306532663318	0.2	1.5370341068734192	0.650603649930817	678.9633707825858	809.0841007687493	5.956266759758525	1.6248472264984877	2.1576078400184353	414.398626262825	6.070073454946232	9.718744220293215e-06	0.028210449683498635	vapor
253.89447236180905	0.2	1.529122015764919	0.6539700492767844	681.0559101104087	811.8499199657655	5.9671879169263935	1.6266693869547069	2.1592455410707077	415.4153101163767	6.012000376083303	9.761973441303419e-06	0.028371167015802053	vapor
255.17587939698493	0.2	1.5212923039271555	0.657335869917004	683.1506874115972	814.617861394998	5.978062431088842	1.6285250151443755	2.1609201675929692	416.4278040782337	5.95464382288113	9.80512198850831e-06	0.028532290881634666	vapor
256.4572864321608	0.2	1.5135436671632858	0.6607011226007243	685.2477477781817	817.3879722983265	5.988890954198703	1.630414080216679	2.1626316022867784	417.4361364399428	5.897990505528316	9.848190432691803e-06	0.02869382666954381	vapor
257.7386934673367	0.2	1.5058748292392163	0.6640658178111726	687.3471362022237	820.1602997644583	5.999674127864718	1.6323365441152025	2.16437972337441	418.44033546296095	5.842027513410475	9.891179336248743e-06	0.0288557796951975	vapor
259.0201005025126	0.2	1.4982845411211771	0.6674299657738528	689.4488975683901	822.9348907231607	6.010412583534432	1.6342923616406695	2.1661644045571653	419.4404293844815	5.786742301410123	9.93408925339306e-06	0.029018155197901754	vapor
260.30150753768845	0.2	1.4907715802387038	0.6707935764645305	691.5530766465421	825.711791939448	6.021106942672384	1.6362814805211117	2.16798551498583	420.4364464225641	5.732122676754963	9.976920730358496e-06	0.02918095833738402	vapor
261.5829145728643	0.2	1.4833347497720206	0.6741566596169164	693.6597180843556	828.4910500077387	6.031757816933804	1.638303841488995	2.1698429192425626	421.42841478060234	5.678156786389658	1.0019674305592376e-05	0.029344194190829027	vapor
262.8643216080402	0.2	1.475972877962863	0.6775192247300639	695.768866399981	831.2727113459936	6.042365808334009	1.6403593783648158	2.1717364773335075	422.4163626511569	5.624833104848115	1.0062350509942634e-05	0.029507867750145838	vapor
264.1457286432161	0.2	1.4686848174478286	0.6808812810754902	697.880565974755	834.0568221898529	6.052931509413668	1.642448018146739	2.1736660446914686	423.40031821918063	5.5721404226042335	1.0104949866838386e-05	0.029671983919460576	vapor
265.427135678392	0.2	1.461469444613373	0.6842428377040389	699.9948610459766	836.8434285867843	6.0634555034001	1.6445696811058388	2.175631472188006	424.3803096646683	5.520067834879998	1.0147472892464414e-05	0.029836547512812776	vapor
266.70854271356785	0.2	1.4543256589716231	0.687603903452488	702.1117956997506	839.632576390248	6.07393836436478	1.646724280886531	2.1776326061543574	425.356365164753	5.4686047308913786	1.0189920095929758e-05	0.030001563252053897	vapor
267.9899497487437	0.2	1.4472523825562078	0.6909644869499204	704.2314138639157	842.4243112538999	6.084380657377171	1.6489117246118	2.1796692884105893	426.32851289528173	5.417740783513047	1.023229197943066e-05	0.03016703576492883	vapor
269.2713567839196	0.2	1.4402485593373417	0.6943245966238633	706.3537593010583	845.2186786258309	6.094782938655058	1.651131912992847	2.181741356302454	427.29678103189076	5.367465939344135	1.0274589038408155e-05	0.030332969583337605	vapor
270.5527638190955	0.2	1.433313154655441	0.6976842407062073	708.478875601621	848.0157237428625	6.105145755711507	1.6533847404427904	2.183848642745393	428.26119775061164	5.317770409158029	1.0316811761700483e-05	0.030499369141763485	vapor
271.8341708542714	0.2	1.4264451546725623	0.7010434272389169	710.6068061771169	850.8154916249002	6.115469647498566	1.655670095194075	2.1859909762752214	429.2217912280294	5.268644658720018	1.0358960631690568e-05	0.030666238775862584	vapor
273.11557788944725	0.2	1.4196435658410136	0.7044021640795366	712.7375942534521	853.6180270693594	6.1257551445478455	1.6579878594192459	2.1881681811049734	430.1785896410203	5.220079399957641	1.0401036124448724e-05	0.030833582721204785	vapor
274.3969849246231	0.2	1.4129074143884872	0.7077604589065056	714.8712828643622	856.4233746456634	6.1360027691080985	1.6603379093547852	2.1903800771874997	431.13162116609084	5.172065582468825	1.0443038709870897e-05	0.03100140511216103	vapor
275.678391959799	0.2	1.4062357458191173	0.7111183192242854	717.0079148449719	859.2315786898289	6.146213035279873	1.6627201154276874	2.1926264802833404	432.08091397834306	5.124594385354226	1.0484968851812444e-05	0.03116970998092814	vapor
276.9597989949749	0.2	1.3996276244298662	0.7144757523683106	719.1475328254768	862.042683299139	6.1563864491473925	1.6651343423844953	2.1949072020334817	433.02649625008837	5.077657209360289	1.0526827008217835e-05	0.03133850125668635	vapor
278.2412060301508	0.2	1.393082132841693	0.7178327655097692	721.2901792249597	864.8567323269135	6.166523508907741	1.6675804494225048	2.1972220500365953	433.9683961491324	5.031245669320532	1.0568613631246223e-05	0.031507782764882517	vapor
279.52261306532665	0.2	1.3865983715449575	0.7211893656602186	723.4358962453382	867.6737693773817	6.176624704997419	1.6700582903228784	2.1995708279303816	434.9066418367529	4.985351586883007	1.0610329167393282e-05	0.031677558226634366	vapor
280.8040201005025	0.2	1.3801754584585595	0.7245455596760457	725.5847258654512	870.4938378006603	6.186690520216414	1.6725677135854131	2.201953335476666	435.8412614653911	4.939966983512349	1.0651974057609251e-05	0.03184783125824826	vapor
282.0854271356784	0.2	1.3738125285023115	0.7279013542627752	727.7367098352885	873.3169806878435	6.196721429849823	1.6751085625647129	2.2043693686498886	436.772283176077	4.895084073755597	1.0693548737413463e-05	0.03201860537084913	vapor
283.3668341708543	0.2	1.3675087331820819	0.7312567559792332	729.8918896703598	876.1432408662065	6.206717901787137	1.677680675607535	2.206818719728687	437.6997350956099	4.850695258761248	1.0735053637005425e-05	0.03218988397011216	vapor
284.6482412060302	0.2	1.361263240187253	0.7346117712415724	732.050306646218	878.9726608945325	6.216680396639251	1.6802838861910916	2.2093011773902416	438.6236453335119	4.806793120041463	1.0776489181372642e-05	0.03236167035609863	vapor
285.92964824120605	0.2	1.3550752330000617	0.737966406327164	734.2120017931247	881.8052830585574	6.226609367853275	1.682918023062092	2.211816526807095	439.5440419787736	4.7633704134680555	1.081785579039526e-05	0.032533967723184086	vapor
287.2110552763819	0.2	1.3489439105164094	0.7413206673783604	736.377015890872	884.6411493665441	6.236505261825213	1.6855829103763267	2.214364549746176	440.4609530964109	4.72042006349292	1.0859153878947652e-05	0.032706779160078824	vapor
288.4924623115578	0.2	1.3428684866777418	0.7446745604061357	738.5453894637542	887.4803015449812	6.24636851801059	1.6882783678385995	2.2169450246697453	441.37440672384923	4.677935157584284	1.0900383856997124e-05	0.03288010764993645	vapor
289.7738693467337	0.2	1.336848190113619	0.7480280912936044	740.7171627756935	890.3227810344144	6.256199569033066	1.691004210842827	2.219557726838021	442.2844308671529	4.635908940870358	1.0941546129699743e-05	0.033053956070544996	vapor
291.05527638190955	0.2	1.3308822637945998	0.751381265799432	742.8923758255241	893.1686289854105	6.265998840791118	1.693760250612134	2.222202428413239	443.19105349711543	4.594334810982406	1.0982641097493476e-05	0.03322832719459672	vapor
292.33668341708545	0.2	1.3249699646951003	0.7547340895611306	745.071068342429	896.0178862546551	6.275766752562834	1.6965462943387846	2.2248788985649317	444.09430254522823	4.553206313089486	1.1023669156188731e-05	0.03340322369003656	vapor
293.6180904522613	0.2	1.3191105634658817	0.7580865680982507	747.2532797815346	898.8705934011847	6.285503717108878	1.6993621453237773	2.2275869035761873	444.99420589953934	4.512517135117588	1.1064630697056351e-05	0.03357864812047748	vapor
294.8994974874372	0.2	1.3133033441158395	0.7614387068154723	749.4390493196628	901.7267906827573	6.295210140773683	1.7022076031159883	2.230326206950708	445.89079140042094	4.472261103146079	1.1105526106913214e-05	0.0337546029456892	vapor
296.1809045226131	0.2	1.3075476037027896	0.7647905110055968	751.62841585124	904.5865180523592	6.304886423584917	1.705082463650692	2.2330965695204656	446.7840868362566	4.432432176974677	1.114635576820543e-05	0.03393109052215044	vapor
297.46231155778895	0.2	1.3018426520329425	0.7681419858524465	753.8214179843623	907.4498151548516	6.314532959351252	1.7079865193873482	2.2358977495537604	447.67411993906285	4.39302444585452	1.118712005908934e-05	0.034108113103662345	vapor
298.74371859296485	0.2	1.2961878113687848	0.7714931364336716	756.0180940370196	910.3167213237541	6.32415013575851	1.7109195594465247	2.2387295028635337	448.56091838005864	4.354032124376996	1.1227819353510325e-05	0.03428567284202148	vapor
300.0251256281407	0.2	1.2905824161450838	0.7748439677234705	758.2184820334735	913.1872755781677	6.333738334464218	1.7138813697458466	2.241591582915747	449.4445097651929	4.3154495485145175	1.1268454021279495e-05	0.03446377178774932	vapor
301.3065326633166	0.2	1.285025812692752	0.7781944845952279	760.4226197007913	916.0615166198369	6.343297931190609	1.7168717331348518	2.244483740937695	450.32492163064455	4.27727117180736	1.1309024428148365e-05	0.034642411890875115	vapor
302.5879396984925	0.2	1.2795173589703148	0.7815446918240679	762.630544465538	918.9394828303515	6.352829295816086	1.71989042952866	2.2474057260260842	451.20218143830374	4.239491561691099	1.1349530935881542e-05	0.034821595001765536	vapor
303.86934673366835	0.2	1.2740564243027324	0.7848945940893329	764.8422934506168	921.8212122684834	6.362332792465253	1.7229372360403576	2.250357285254767	452.0763165712473	4.202105395959432	1.1389973902327574e-05	0.035001322872004206	vapor
305.1507537688442	0.2	1.2686423891273384	0.7882441959769848	767.0579034722682	924.706742667665	6.371808779597453	1.7260119271120096	2.2533381637819856	452.94735432921584	4.165107459357117	1.1430353681487947e-05	0.03518159715531815	vapor
306.4321608040201	0.2	1.2632746447466685	0.7915935019819349	769.2774110372158	927.5961114336026	6.381257610093945	1.7291142746442065	2.2563481049570053	453.81532192410555	4.12849264029834	1.1470670623584292e-05	0.035362419408540804	vapor
307.713567839196	0.2	1.2579525930879565	0.7949425165103019	771.5008523399645	930.4893556420249	6.390679631343678	1.7322440481240853	2.259386850426038	454.68024647547935	4.092255927705661	1.1510925075123918e-05	0.0355437910926188	vapor
308.9949748743719	0.2	1.2526756464690854	0.7982912438816051	773.7282632602495	933.3865120365705	6.40007518532773	1.7354010147517376	2.262454140237333	455.54215500611105	4.05639240796506	1.1551117378963694e-05	0.03572571357365363	vapor
310.27638190954775	0.2	1.2474432273707914	0.8016396883308894	775.9596793606269	936.2876170268047	6.4094446087024295	1.7385849395649455	2.2655497129453535	456.401074437566	4.0208972619928	1.1591247874372315e-05	0.03590818812398117	vapor
311.5577889447236	0.2	1.2422547682149199	0.8049878540107902	778.195135884216	939.192706686374	6.418788232881199	1.7417955855621876	2.268673305713938	457.25703158582957	3.9857657624097227	1.1631316897091045e-05	0.03609121592327713	vapor
312.8391959798995	0.2	1.2371097111485492	0.8083357449935354	780.4346677525801	942.1018167512873	6.428106384115124	1.7450327138238444	2.2718246544183542	458.1100531569873	3.9509932708192648	1.1671324779392972e-05	0.036274798059702275	vapor
314.1206030150754	0.2	1.2320075078337946	0.8116833652728893	782.6783095637531	945.014982618331	6.437399383572318	1.7482960836315704	2.2750034937461865	458.9601657429665	3.9165752351849896	1.1711271850140806e-05	0.036458935531066286	vapor
315.4020100502513	0.2	1.2269476192431163	0.815030718766041	784.9260955904024	947.9322393436106	6.446667547416045	1.751585452585774	2.2782095572969663	459.8073958173433	3.8825071873041326	1.175115843484326e-05	0.03664362924602401	vapor
316.68341708542715	0.2	1.2219295154599663	0.8183778093154365	787.178059778132	950.8536216412193	6.45591118688169	1.754900576721164	2.2814425776804765	460.65176973122203	3.848784740373421	1.1790984855710126e-05	0.0368288800252931	vapor
317.964824120603	0.2	1.2169526754846038	0.8217246406905585	789.434235743921	953.7791638820328	6.465130608352552	1.7582412106203305	2.28470228661369	461.4933137091918	3.8154035866438485	1.1830751431706018e-05	0.037014688602895	vapor
319.2462311557789	0.2	1.212016587044925	0.8250712165896568	791.6946567746942	956.7089000926256	6.474326113434504	1.7616071075253181	2.2879884150162537	462.332053845366	3.7823594951609203	1.1870458478602844e-05	0.03720105562741381	vapor
320.5276381909548	0.2	1.2071207464121543	0.8284175406414266	793.9593558260254	959.6428639543108	6.4834979990295425	1.764998019447168	2.2913006931044912	463.16801609950846	3.7496483095872954	1.1910106309031017e-05	0.0373879816632767	vapor
321.8090452261307	0.2	1.20226465822125	0.8317636164066401	796.2283655209686	962.5810888022966	6.492646557408231	1.768413697273398	2.2946388504838633	464.00122629325057	3.7172659461046393	1.1949695232529533e-05	0.03757546719204985	vapor
323.09045226130655	0.2	1.1974478352958784	0.8351094473797342	798.501718149017	965.5236076249639	6.501772076281084	1.7718538908734	2.2980026162398444	464.83171010640433	3.6852083913917624	1.1989225555594874e-05	0.03776351261374693	vapor
324.3718592964824	0.2	1.1926697984778276	0.8384550369903498	800.779445665186	968.4704530632561	6.510874838868872	1.7753183492017317	2.301391719027184	465.65949307337297	3.6534717006761572	1.2028697581728766e-05	0.03795211824815541	vapor
325.6532663316583	0.2	1.187930076460717	0.8418003886048325	803.0615796892173	971.4216574101836	6.51995512397192	1.7788068203992986	2.3048058871575092	466.4846005796635	3.6220519958561614	1.206811161148488e-05	0.038141284336170575	vapor
326.9346733668342	0.2	1.1832282056278898	0.8451455055276863	805.3481515049027	974.37725261044	6.529013206038352	1.7823190518923882	2.3082448486852405	467.3070578585035	3.5909454636911367	1.2107467942514452e-05	0.038331011041142636	vapor
328.2160804020101	0.2	1.1785637298943494	0.848490391002991	807.6391920595274	977.3372702601258	6.538049355231355	1.7858547904895745	2.311708331491797	468.1268899875654	3.5601483540570373	1.2146766869610923e-05	0.03852129845023068	vapor
329.49748743718595	0.2	1.17393620055263	0.8518350482157808	809.9347319634235	980.3017416065796	6.5470638374954655	1.7894137824764675	2.3151960633680617	468.9441218857985	3.52965697826489	1.218600868475355e-05	0.038712146575765466	vapor
330.7788944723618	0.2	1.1693451761224851	0.855179480293382	812.2348014896393	983.2706975483155	6.556056914621851	1.7929957737083089	2.318707772095095	469.7587783103731	3.499467707439891	1.2225193677150056e-05	0.038903555356616125	vapor
332.0603015075377	0.2	1.164790222204282	0.858523690306716	814.5394305737173	986.2441686350602	6.565028844312679	1.7966005097004065	2.3222431855230643	470.5708838537362	3.4695769709587316	1.2264322133278392e-05	0.03909552465956589	vapor
333.3417085427136	0.2	1.1602709113359901	0.861867681271569	816.8486488135768	989.2221850678906	6.573979880244516	1.8002277357164196	2.325802031648398	471.3804629407807	3.4399812549429987	1.2303394336927526e-05	0.03928805428068546	vapor
334.6231155778895	0.2	1.1557868228536696	0.8652114561498221	819.1624854695061	992.2047766994706	6.582910272130822	1.8038771968544836	2.3293840386891316	472.1875398261305	3.4106771008064722	1.234241056923738e-05	0.039481143946713454	vapor
335.90452261306535	0.2	1.151337542755349	0.8685550178506538	821.4809694642516	995.1919730343825	6.591820265783523	1.8075486381311854	2.332988935158444	472.99213859153906	3.381661103854337	1.2381371108737945e-05	0.039674793316435024	vapor
337.1859296482412	0.2	1.1469226635681997	0.8718983692317078	823.8041293832085	998.1838032295501	6.600710103173699	1.8112418045633993	2.3366164499363933	473.7942831434059	3.3529299119322515	1.2420276231387495e-05	0.03986900198206403	vapor
338.4673366834171	0.2	1.1425417842189167	0.875241513100229	826.1319934747099	1001.1802960947559	6.60958002249138	1.8149564412479853	2.3402663123398217	474.5939972104084	3.324480224123437	1.2459126210610065e-05	0.04006376947061818	vapor
339.748743718593	0.2	1.138194509907207	0.8785844522141707	828.4645896504079	1004.181480093242	6.618430258204475	1.818692293439362	2.343938252190446	475.3913043412501	3.2963087894918996	1.24979213173321e-05	0.04025909524529829	vapor
341.03015075376885	0.2	1.1338804519823038	0.8819271892832726	830.8019454857481	1007.1873833424025	6.62726104111685	1.8224491066249753	2.347631999881141	476.18622790252493	3.268412405870027	1.2536661820018344e-05	0.04045497870686123	vapor
342.31155778894475	0.2	1.1295992278224192	0.8852697269701099	833.1440882205329	1010.1980336145549	6.636072598425558	1.8262266265986558	2.351347286440395	476.97879107669894	3.2407879186889086	1.2575347984706979e-05	0.04065141919498933	vapor
343.5929648241206	0.2	1.1253504607170535	0.8886120678911151	835.4910447595717	1013.2134583377948	6.644865153777237	1.8300245995319064	2.355083843594968	477.7690168602049	3.213432219849669	1.261398007504411e-05	0.04084841598965606	vapor
344.8743718592965	0.2	1.1211337797520826	0.8919542146175731	837.8428416734168	1016.2336845969315	6.653638927323689	1.8338427720431196	2.3588414038307457	478.55692806165484	3.1863422466342466	1.265255835231744e-05	0.04104596831248359	vapor
346.1557788944724	0.2	1.1169488196975432	0.8952961696765913	840.1995051991797	1019.258739134498	6.662394135776648	1.8376808912647393	2.362619700451795	479.34254730016414	3.1595149806541407	1.269108307548932e-05	0.04124407532809653	vapor
347.43718592964825	0.2	1.1127952208980465	0.8986379355520429	842.5610612414266	1022.2886483518351	6.671130992461756	1.8415387049084053	2.3664184676376463	480.12589700379	3.132947446835616	1.2729554501229195e-05	0.04144273614546732	vapor
348.71859296482415	0.2	1.1086726291657412	0.9019795146854886	844.9275353731532	1025.323438310251	6.6798497073717575	1.845415961328085	2.3702374404988023	480.90699940808116	3.1066367124399346	1.2767972883945248e-05	0.04164194981925229	vapor
350.0	0.2	1.1045806956757633	0.905320909477073	847.2989528368325	1028.363134732247	6.6885504872188974	1.8493124095812157	2.3740763551304873	481.6858765547394	3.0805798861173552	1.2806338475815561e-05	0.04184171535112238	vapor
