Temperature (K)	Pressure (MPa)	Density (kg/m3)	Volume (m3/kg)	Internal Energy (kJ/kg)	Enthalpy (kJ/kg)	Entropy (J/g*K)	Cv (J/g*K)	Cp (J/g*K)	Sound Spd. (m/s)	Joule-Thomson (K/MPa)	Viscosity (Pa*s)	Therm. Cond. (W/m*K)	Phase
95.0	4.0	448.4367300113739	0.0022299689857577824	-59.80511896559687	-50.88524302256602	-0.5799047587687066	2.151354430924332	3.3601733015054993	1527.4112434678748	-0.47963404547684524	0.0001880388284801615	0.20961980079707085	liquid
96.28140703517587	4.0	446.7559480375264	0.002238358558834459	-55.529970117398506	-46.57653588206065	-0.5348531775318185	2.1440905673867903	3.3648368678028833	1516.0124574198148	-0.47676571282865565	0.0001809655222002148	0.2080642600107966	liquid
97.56281407035176	4.0	445.06774953423036	0.0022468489371483646	-51.24907083296688	-42.26167508437322	-0.4903337520303123	2.1370239661206507	3.3697737719225054	1504.54113099558	-0.473771262427615	0.0001743421196750634	0.20648613327010737	liquid
98.84422110552764	4.0	443.37185634029413	0.0022554431132689803	-46.96209724112369	-37.940324788048265	-0.44632917370429326	2.1301291637925273	3.37496242080251	1493.0010715277656	-0.47065111145419547	0.00016812885488671394	0.20488714190159646	liquid
100.12562814070351	4.0	441.6679863943207	0.002264144177991658	-42.66875021458851	-33.61217350262211	-0.4028230477116409	2.123384861819475	3.380386275302637	1481.3955539670592	-0.4674046646304136	0.0001622902653969623	0.20326890212799517	liquid
101.4070351758794	4.0	439.9558526651836	0.0022729553293635183	-38.36874938677299	-29.27692806931972	-0.3597997866981309	2.1167732970704654	3.386033156717673	1469.727374567872	-0.4640304210089988	0.00015679465236717664	0.20163293126960039	liquid
102.68844221105527	4.0	438.23516213150435	0.0022818798818793158	-34.061827986747495	-24.934308459231385	-0.3172445192507038	2.1102797075047715	3.3918946614412304	1457.9988978887545	-0.4605260622797766	0.0001516136152471181	0.19998065349584387	liquid
103.96984924623115	4.0	436.50561479609115	0.002290921275931672	-29.747728364630042	-20.584043260905265	-0.2751430107013755	2.103891878243456	3.397965667837808	1446.2120978525998	-0.45688852493591836	0.0001467216500728104	0.19831340516069404	liquid
105.25125628140704	4.0	434.7669027227043	0.002300083087598329	-25.426198098421406	-16.225865748030486	-0.23348159432871657	2.0975997558703208	3.4042439219429834	1434.368593536696	-0.45311405830512713	0.00014209580204041625	0.19663243975247618	liquid
106.53266331658291	4.0	433.01870908359143	0.002309369038848981	-21.096986588997595	-11.859510433605516	-0.19224711131764527	2.0913951206788313	3.4107296907570857	1422.469680290089	-0.44919827014900865	0.0001377153644680069	0.1949389324858377	liquid
107.8140703517588	4.0	431.26070720708645	0.002318783008255402	-16.759842063201084	-7.484710030183159	-0.15142685809885706	2.0852713081879317	3.417425473700592	1410.5163567078873	-0.44513616126561034	0.0001335616174680986	0.19323398456102173	liquid
109.09547738693468	4.0	429.49255961518196	0.00232832904229117	-12.414508916062019	-3.1011927469012472	-0.11100853990545667	2.0792229725958324	3.424335764319396	1398.50934792927	-0.4409221502921996	0.00012961760067018747	0.191518627113295	liquid
110.37688442211055	4.0	427.7139170414076	0.002338011367311175	-8.06072533250475	1.2913201367339298	-0.07098022956418185	2.0732458859709535	3.4314668556136114	1386.4491256687866	-0.436550089694689	0.0001258679151868934	0.18979382487323765	liquid
111.65829145728644	4.0	425.92441741956924	0.0023478344023064564	-3.698221136658182	5.693116472562163	-0.03133033068784117	2.067336767929411	3.438826683456188	1374.3359253385788	-0.4320132737428496	0.00012229855073649177	0.18806047955665023	liquid
112.93969849246231	4.0	424.1236848339894	0.0023578027725365547	0.6732841765811326	10.10449526671947	0.007952455439964617	2.061493141349059	3.4464247035006914	1362.1697605726042	-0.4273044391033285	0.00011889673444097971	0.186319433001057	liquid
114.2211055276382	4.0	422.3113284217679	0.002367921324149957	5.054083267684172	14.525768564274426	0.04687915989351254	2.0557132103457403	3.4542717977792767	1349.950435422274	-0.42241575853220914	0.0001156507983306878	0.1845714700641061	liquid
115.50251256281408	4.0	420.48694121734513	0.002378195139913063	9.444482671846474	18.957263231486554	0.08546057356711925	2.0499957573082597	3.4623802078862838	1337.6775544552943	-0.417338828011973	0.0001125500630192627	0.18281732129764436	liquid
116.78391959798995	4.0	418.65009892922046	0.0023886295561799595	13.844804443425543	23.399322668129965	0.12370727251967198	2.044340056272422	3.470763492249478	1325.3505309563568	-0.41206464755173605	0.00010958473537926562	0.18105766540979584	liquid
118.06532663316582	4.0	416.80035863810343	0.0023992301812491316	18.25538775443818	27.85230847941653	0.16162964159195822	2.0387458003247643	3.4794365055277865	1312.9685933981195	-0.4065835957511655	0.00010674581835930855	0.1792931315260288	liquid
119.34673366834171	4.0	414.93725740501316	0.0024100029152694697	22.676590473825584	32.31660213488184	0.19923789663916833	2.03321304107556	3.488415398655631	1300.5307903239586	-0.40088539811526275	0.00010402503134740733	0.17752430125890023	liquid
120.62814070351759	4.0	413.0603107769012	0.0024209539718767895	27.108790752500443	36.7926066399801	0.23654210568187775	2.0277421385380983	3.4977176384931963	1288.0359937594994	-0.3949590889963628	0.00010141473970947868	0.17575171059496092	liquid
121.90954773869348	4.0	411.16901117621654	0.0024320899017640837	31.552388638041677	41.28074824506479	0.27355220924757007	2.022333720005369	3.5073620464511617	1275.4829012474145	-0.3887929669286198	9.890789232279669e-05	0.17397585160609638	liquid
123.19095477386935	4.0	409.2628261594553	0.0024434176184141977	36.00780774224942	45.78147821586406	0.31027804015039884	2.016988646733213	3.517368855848923	1262.8700365791663	-0.38237454300618473	9.649796608695878e-05	0.17219717399145754	liquid
124.47236180904522	4.0	407.341196528086	0.0024549444262533617	40.47549698455997	50.295274689520824	0.3467293429381756	2.0117079874266075	3.527759788146836	1250.195749277876	-0.3756904818366714	9.417891653377787e-05	0.17041608645497222	liquid
125.7537688442211	4.0	405.40353427330103	0.00246667805151855	44.95593243465433	54.822644640661885	0.38291579322287406	2.006492997687819	3.5385581485774558	1237.4582128674642	-0.36872653447271425	9.194513377620832e-05	0.16863295792230942	liquid
127.03517587939699	4.0	403.44922033375235	0.002478626676171917	49.44961927831283	59.36412598291662	0.4188470171026081	2.001345104726586	3.5497889420980453	1224.6554219449977	-0.3614674625837073	8.97914031379442e-05	0.16684811860001791	liquid
128.31658291457288	4.0	401.4776021427398	0.0024907989752426187	53.957093931858715	63.92028983272386	0.4545326108799983	1.9962658967561637	3.5614790110089154	1211.7851880544627	-0.35389695297267937	8.771286989229145e-05	0.16506186087838629	liquid
129.59798994974875	4.0	399.4879909381303	0.0025032041580315555	58.47892633231894	68.49174296431093	0.4899821612830799	1.9912571166089534	3.573657196042296	1198.845134341109	-0.3459975213656702	8.570500761344493e-05	0.16327444007833494	liquid
130.87939698492463	4.0	397.47965880457934	0.002515852013679144	63.01572243278611	73.07913048733246	0.5252052664008791	1.986320659204057	3.586354523239472	1185.8326889454413	-0.33775040419731567	8.376358970728697e-05	0.16148607504137633	liquid
132.1608040201005	4.0	395.45183541319426	0.002528752961672649	67.56812693554104	77.68313878201529	0.560211557556928	1.9814585725890412	3.5996044195172123	1172.7450770737873	-0.32913543688024594	8.188466374368808e-05	0.15969694856027175	liquid
133.4422110552764	4.0	393.40370441859056	0.0025419181079595963	72.1368262992191	82.30449873078182	0.5950107223597031	1.9766730623622073	3.6134429604986624	1159.5793116583825	-0.3201309167699199	8.006452825945648e-05	0.15790720764652108	liquid
134.72361809045225	4.0	391.33439946711246	0.002555359307440693	76.72255206099015	86.94398929040116	0.6296125291911101	1.9719664993617618	3.6279091549752405	1146.332182492222	-0.31071344871062084	7.829971174152102e-05	0.1561169636291589	liquid
136.00502512562815	4.0	389.2429997626505	0.00256908923374286	81.32608452037854	91.6024414549023	0.6640268534223702	1.9673414305870638	3.643045271305335	1133.0002436923455	-0.3008577706612638	7.658695353463831e-05	0.15432629207746554	liquid
137.28643216080403	4.0	387.12852512773907	0.0025831214573248883	85.94825683823501	96.28074266696	0.6982637056825369	1.9628005933970083	3.6588972121831542	1119.5797993081455	-0.29053655643641335	7.492318644761134e-05	0.15253523253813933	liquid
138.5678391959799	4.0	384.989930487103	0.0025974705331507355	90.58995961274056	100.97984174460787	0.732333262549564	1.9583469331143715	3.675514945576584	1106.0668868473904	-0.27972019204025084	7.330552085732274e-05	0.15074378807505032	liquid
139.84924623115577	4.0	382.8260996882281	0.0026121520993850618	95.25214600447838	105.70075440107573	0.7662459000894566	1.9539836242554973	3.6929530013011247	1092.457258439863	-0.2683765213954778	7.173123013139333e-05	0.14895192459698414	liquid
141.13065326633165	4.0	380.6358385582434	0.002627182988831946	99.9358374949137	110.44456944903092	0.8000122307368124	1.9497140957061294	3.7112710447493185	1078.7463592950915	-0.25647055644625183	7.019773720831382e-05	0.14715956995554996	liquid
142.41206030150755	4.0	378.41786707788197	0.0026425813551615167	104.6421303776997	115.21245579679135	0.8336431440944698	1.9455420602804006	3.730534541840136	1064.9293030328347	-0.24396414560522053	6.870260218887263e-05	0.14536661279167182	liquid
143.69346733668343	4.0	376.17081053067886	0.0026583668163653127	109.37220310058645	120.00567036404995	0.8671498523331165	1.9414715492371142	3.7508155324292196	1051.0008433699807	-0.230815593271268	6.724351080481607e-05	0.1435729011046363	liquid
144.9748743718593	4.0	373.89318945776523	0.002674560618368684	114.12732459834587	124.82556706925226	0.900543940999658	1.9375069524921713	3.772193533414415	1036.9553415299592	-0.21697922160225153	6.581826364006659e-05	0.14177824051232157	liquid
146.25628140703517	4.0	371.58340821438424	0.002691185822331045	118.90886378500507	129.67360707102694	0.933837426201399	1.9336530654678237	3.794756597825601	1022.7867285951877	-0.20240486380275755	6.442476598662875e-05	0.13998239216486644	liquid
147.53768844221105	4.0	369.23974188166113	0.002708267519915268	123.71830040834904	134.5513704837644	0.9670428193304037	1.9299151437703126	3.8186025626322673	1008.4884618413702	-0.18703727577058246	6.306101822141949e-05	0.13818507026626478	liquid
148.81909547738695	4.0	366.8603212339798	0.0027258330817472357	128.55723751289526	139.4605698344263	1.0001732007390483	1.9262989672035267	3.8438405262779614	994.0534738651078	-0.17081544989176226	6.172510659160776e-05	0.13638593914894254	liquid
150.10050251256283	4.0	364.44311539537694	0.0027439124454721013	133.4274158119457	144.40306558681917	1.033242304088802	1.9228109150291834	3.870592607660228	979.474113030113	-0.15367181088763623	6.0415194294340115e-05	0.13458460983477116	liquid
151.3819095477387	4.0	361.98591173355754	0.002762538451319778	138.33073033807327	149.38088413433945	1.0662646134877996	1.9194580549031175	3.8989960522433336	964.7420733958651	-0.13553126863663778	5.912951273157437e-05	0.1327806360016552	liquid
152.66331658291458	4.0	359.4862924318377	0.002781747235020402	143.26924982913343	154.39623875763942	1.0992554760356472	1.9162482485925212	3.9292057693656717	949.8483118335477	-0.11631009646157701	5.7866352811505974e-05	0.13097350925702114	liquid
153.94472361809045	4.0	356.94160703996687	0.0028015786903991544	148.24523941949067	159.45155416622706	1.1322312330400375	1.913190278466265	3.961397409187793	934.782949448719	-0.09591459500209473	5.6624056153899136e-05	0.12916265359723886	liquid
155.22613065326635	4.0	354.3489401239162	0.0028220770172200853	153.2611873520756	164.54949540189097	1.165209374008006	1.9102939999271906	3.9957711203940347	919.5351536792492	-0.07423949080512314	5.540100603626866e-05	0.1273474189039273	liquid
156.5075376884422	4.0	351.7050728978653	0.0028432913741065053	158.31983661753964	169.6930020895209	1.1982087186107404	1.9075705265312695	4.032556173968894	904.0929964682365	-0.051166004217454805	5.419561788958573e-05	0.12552707329248214	liquid
157.7889447236181	4.0	349.00643740846124	0.002865276662016539	163.4242226783299	174.88532929507443	1.2312496332684577	1.9050324566706198	4.072016698846675	888.4432826529388	-0.026559501715307687	5.3006329113553244e-05	0.1237007940826774	liquid
159.07035175879398	4.0	346.24906142305804	0.002888094471332497	168.57771877085997	180.1300966160849	1.2643542909332761	1.9026941536120523	4.114458858945901	872.5713410619336	-0.00026662153635453824	5.183158792906996e-05	0.12186765710271023	liquid
160.35175879396985	4.0	343.4285016085439	0.0029118142359070925	173.78409073089807	185.43134762321316	1.2975469852530526	1.9005720947129061	4.160239918453497	856.4607686327844	0.027888274396093093	5.066984091433087e-05	0.1200266239623304	liquid
161.63316582914575	4.0	340.5397618147136	0.002936514651537509	179.04756390393956	190.79362244448848	1.3308545138566437	1.8986853112761157	4.209779809035153	840.0931149464961	0.05810751886023518	4.951951877384495e-05	0.11817652683179672	liquid
162.9145728643216	4.0	337.5771922058701	0.00296228543600823	184.37290555462596	196.2220472148675	1.3643066504222348	1.8970559485063132	4.26357605337844	823.4474906224671	0.09062569410682703	4.837901975579778e-05	0.11631605013333408	liquid
164.1959798994975	4.0	334.5343634802823	0.0029892295356346577	189.76552738452088	201.7224454201481	1.397936732098128	1.8957099865432276	4.322223252714357	806.5000775733968	0.12571668783116996	4.724668994638607e-05	0.11444370837911794	liquid
165.47738693467338	4.0	331.4039082696949	0.0030174659231423573	195.23161447058635	207.30147802692616	1.4317823986971634	1.8946781803958002	4.386438873897425	789.2235114801277	0.16370275781022056	4.612079940484294e-05	0.11255781915855338	liquid
166.75879396984925	4.0	328.17731869094274	0.0030471331900354106	200.77828923203828	212.96682199217983	1.4658865335864961	1.8939973015710374	4.457097870077083	771.5860969481238	0.20496631978614144	4.499951272432138e-05	0.11065646996489402	liquid
168.04020100502512	4.0	324.8446843986404	0.0030783942235386177	206.41382384950757	218.72740074366206	1.5002984827243249	1.8937118032501727	4.535279969941327	753.5507926672989	0.24996550590859887	4.388085200993129e-05	0.1087374771244095	liquid
169.321608040201	4.0	321.394348486464	0.0031114423906620637	212.147916735902	224.59368629855027	1.5350756448950231	1.8938760879713994	4.622335353278522	735.0738998974732	0.2992549735099261	4.276264948888934e-05	0.10679833450090546	liquid
170.6030150753769	4.0	317.8124477162067	0.003146509858836487	217.9920625621192	230.57810199746504	1.570285600632974	1.8945576555834418	4.719977940295929	716.1033173472442	0.35351428585620104	4.164248550783072e-05	0.10483614882853357	liquid
171.88442211055278	4.0	314.0822862044919	0.003183879014905421	223.96005381939904	236.69556987902095	1.6060090027378544	1.8958415626529037	4.830420951318922	696.5761960810491	0.4135873424661246	4.0517605653020213e-05	0.10284755737134552	liquid
173.16582914572865	4.0	310.1834631032124	0.003223898495411581	230.06867728735222	242.96427126899832	1.642343595627971	1.897836894025494	4.956579411200101	676.4157088488648	0.4805384460447726	3.938480710783922e-05	0.10082862198531443	liquid
174.44723618090453	4.0	306.0906259187206	0.003267006289390712	236.33870605249703	249.40673121005997	1.6794099492963026	1.9006864217287593	5.10238244271022	655.5264787813405	0.5557341691631587	3.824027825893873e-05	0.09877469139165738	liquid
175.7286432160804	4.0	301.7716338666583	0.00331376407777897	242.79635591328218	256.0514122243982	1.7173598916808146	1.9045815093824368	5.273273317808961	633.7878941647251	0.6409667063634058	3.707936453716222e-05	0.09668022041647499	liquid
177.0100502512563	4.0	297.18475192002705	0.0033649101898374036	249.47550237282258	262.93514313217247	1.7563893680281257	1.909786050977127	5.477046981304898	611.0439316067325	0.7386468624971613	3.589621263811859e-05	0.09453853128403289	liquid
178.29145728643215	4.0	292.2741698329561	0.003421445010250244	256.4212074703572	270.1069875113581	1.7967589376407098	1.9166768465611503	5.725331764068328	587.0868894617372	0.8521201609829114	3.4683203484250154e-05	0.09234149940212469	liquid
179.57286432160805	4.0	286.96244019987495	0.003484776611543589	263.6956465888325	277.6347530350068	1.8388282904697835	1.925815960532311	6.036395817764953	561.6297879550988	0.98621502839032	3.3429994334145655e-05	0.09007915203112475	liquid
180.85427135678393	4.0	281.1367820940165	0.0035569874299321833	271.3887925696555	285.61674228938415	1.883118609466421	1.9380907809263221	6.440948813069779	534.2559267725591	1.1482653839670511	3.2121778613350416e-05	0.08773921517352178	liquid
182.1356783919598	4.0	274.62182633675485	0.0036413711660840484	279.6395596709113	294.2050443352474	1.9304362883564772	1.9550139717759156	6.995624189477511	504.31743178198764	1.350212013937355	3.073581111963711e-05	0.08530687849478152	liquid
183.4170854271357	4.0	267.11771312665735	0.003743667869475346	288.68351175388597	303.6581829667163	1.982152837383919	1.9794623700383323	7.819969308450887	470.70265788930385	1.6135476100912534	2.9233499643387437e-05	0.08276624241598535	liquid
184.69849246231155	4.0	258.0278643072703	0.003875550428186153	298.9845170497929	314.48671874007033	2.0409797094597817	2.017927762428458	9.228062640926465	431.18607209571	1.983635346587073	2.7538425926562804e-05	0.0801124226735876	liquid
185.97989949748745	4.0	245.76493434298015	0.004068928721151237	311.759657329375	328.03537221398017	2.1140693135196518	2.0906315853661224	12.498796441520634	379.8107558928209	2.590269969033268	2.54481721258443e-05	0.07746061713667039	liquid
187.26130653266333	4.0	79.64651465160668	0.012555477215471943	470.59902959069154	520.8209384525794	3.1497060501026013	2.205560025081688	10.737270859880033	265.1093058589879	11.131763890454069	9.975212967829429e-06	0.04233949010818108	vapor
188.5427135678392	4.0	74.88924244076729	0.01335305268698555	479.40494225538214	532.8171528979022	3.2135585319930255	2.1029555125287436	8.297634874157174	272.5981900994328	11.063747185175494	9.758787987086067e-06	0.039533462485424824	vapor
189.8241206030151	4.0	71.36407515471635	0.014012652694398598	486.5076627951519	542.5582735639462	3.265053938862958	2.03534336381632	7.018148860351922	278.65366101591985	10.943484243499816	9.621766913647732e-06	0.03803149541543708	vapor
191.10552763819095	4.0	68.5354868890188	0.014590981189340999	492.6370821360748	551.0010068925249	3.309384125830561	1.9865931374958257	6.21296105442415	283.87017489155676	10.800177250465756	9.528264464181341e-06	0.03619338493738466	vapor
192.38693467336685	4.0	66.16191047447424	0.015114436581842774	498.12630770743147	558.5840540347028	3.3489336592931385	1.9494398981021677	5.652858317774354	288.5254985321252	10.646345871700541	9.462405385484592e-06	0.03448060165188429	vapor
193.66834170854273	4.0	64.11169613353049	0.015597777945497202	503.1582967049593	565.5494084869383	3.3850200664623697	1.919990510428119	5.237452051229846	292.77442641412483	10.488300841748513	9.41567983781691e-06	0.03339109920496742	vapor
194.9497487437186	4.0	62.30446539774836	0.01605021395522863	507.84533445943197	572.0461902803459	3.4184566566353984	1.8959363883456173	4.915256696681803	296.7127517586053	10.329499146665004	9.382968914448478e-06	0.03260566949856258	vapor
196.23115577889448	4.0	60.68722665798221	0.016477932096580158	512.2617032668018	578.1734316531224	3.4497845856662264	1.8758136903170963	4.656944210660514	300.4041122367744	10.171916777717678	9.36094476393378e-06	0.03201018799544416	vapor
197.51256281407035	4.0	59.223042995926946	0.016885319453591313	516.4593006285943	584.0005784429595	3.4793841176369074	1.858648473446941	4.444499989198038	303.8930439595422	10.016700033832157	9.347319115777532e-06	0.031545560610972204	vapor
198.79396984924625	4.0	57.88505415977006	0.017275616556216285	520.4759291773399	589.578395402205	3.507533839988387	1.8437685364585668	4.266209340703308	307.2120016817157	9.864506442280458	9.340450293706187e-06	0.031176460545046553	vapor
200.0753768844221	4.0	56.65306524015188	0.01765129557881834	524.3400501968655	594.9452325121388	3.5344447065053406	1.8306961267804418	4.114105366231664	310.38542207966	9.71569587626676	9.339120655983824e-06	0.030879953410879204	vapor
201.356783919598	4.0	55.511477905626215	0.018014292498212296	528.0736768040782	600.1308467969272	3.5602808104982193	1.8190833005124625	3.9825701146974684	313.4322115522331	9.570443112493292	9.342402531250473e-06	0.030640296021889436	vapor
202.63819095477388	4.0	54.44797327094345	0.018366156533023006	531.6942206164548	605.1588467485469	3.585172678114469	1.8086712704612082	3.867521489896444	316.3673388690588	9.4288065624622	9.349573383689973e-06	0.03044622682756649	vapor
203.91959798994975	4.0	53.45263919582682	0.018708150150200113	535.2157172043753	610.0483178051758	3.6092261128286665	1.7992639452719545	3.7659174702388514	319.20289259831463	9.290771376725642	9.360059925386329e-06	0.03028942685089816	vapor
205.20100502512565	4.0	52.517372458812076	0.019041318199692348	538.6496661528193	614.8149389515888	3.6325282745922873	1.79071021360004	3.67544153931118	321.9488049464004	9.15627700906718	9.373400044811745e-06	0.030163588854208397	vapor
206.4824120603015	4.0	51.63545747632826	0.01936653704401553	542.0056230416802	619.4717712177425	3.655151975422938	1.7828918009999637	3.594296264499079	324.61336036261457	9.025235085819709	9.389216128147645e-06	0.03006382649301906	vapor
207.7638190954774	4.0	50.80126211767329	0.019684550310652797	545.2916266408562	624.0298278834674	3.6771587879436187	1.7757147787003331	3.5210638773377267	327.2035611332746	8.897541090509366	9.407195906643846e-06	0.0299862844568254	vapor
209.04522613065328	4.0	50.01001337097635	0.019995995453589634	548.5145136480063	628.4984954623649	3.698601342187783	1.7691035227763239	3.4546097191232494	329.72539551494145	8.773082033510914	9.42707841652303e-06	0.029927872858461286	vapor
210.32663316582915	4.0	49.25762879638532	0.020301423849159853	551.680154849143	632.8858502457824	3.719525054047033	1.762996351147566	3.394013886835654	332.1840379577996	8.651741479737494	9.44864351719969e-06	0.029886081313972815	vapor
211.60804020100505	4.0	48.54058779448438	0.020601316247629557	554.7936352232252	637.1989002137435	3.7399694473934963	1.7573423297231332	3.3385218920748194	334.5840010690844	8.533402820130371	9.471703939246805e-06	0.029858845745005944	vapor
212.8894472361809	4.0	47.855831833679176	0.020896094826550204	557.8593933124366	641.4437726186376	3.7599691802859385	1.7520989058315868	3.2875084202196896	336.92925266951227	8.417951367450305	9.49609916488714e-06	0.029844451002708623	vapor
214.1708542713568	4.0	47.20068609975097	0.021186132716093632	560.8813304987566	645.6258613631313	3.7795548520614024	1.7472301350355204	3.240450292465051	339.2233071938315	8.305275661728771	9.521690658234506e-06	0.029841458400192103	vapor
215.45226130653268	4.0	46.57279723520094	0.021471761615473116	563.8628977139846	649.7499441758771	3.798753645732936	1.7427053387566518	3.196906006462917	341.469297957249	8.195268243848497	9.548358104605801e-06	0.029848650921844196	vapor
216.73366834170855	4.0	45.97008333069332	0.021753277948319917	566.8071649971031	653.8202767903826	3.817589844903099	1.7384980781246526	3.1565000543059307	343.67003495849656	8.087826072023299	9.575996414379961e-06	0.029864991206659745	vapor
218.01507537688443	4.0	45.39069336356957	0.022030947885951373	569.7168778519579	657.8406693957634	3.8360852538738985	1.7345853622721963	3.118910759865222	345.8280516132406	7.9828507000630236	9.604513313191169e-06	0.02988958891357688	vapor
219.2964824120603	4.0	44.83297400411621	0.022305011483471693	572.5945033314548	661.8145492653417	3.854259542223541	1.730947032055415	3.0838607429520035	347.94564291660214	7.880248298619474	9.63382738676233e-06	0.02992167507908275	vapor
220.5778894472362	4.0	44.29544222824861	0.022575686113418418	575.4422680418032	665.745012495477	3.872130529825435	1.727565276167851	3.051109367870956	350.0248968973677	7.779929574974244	9.663866481829038e-06	0.029960581755681646	vapor
221.85929648241208	4.0	43.77676255027801	0.02284316933787625	578.2621897302778	669.6348670817827	3.889714424448629	1.724424247981116	3.0204467077954	352.0677207682414	7.681809629376181	9.694566388555012e-06	0.0300057256872419	vapor
223.14070351758795	4.0	43.27572796449819	0.023107641327729096	581.056103731577	673.4866690424933	3.907026021263706	1.721509759609398	2.9916886790119865	354.0758628423771	7.5858077738540945	9.725869747372868e-06	0.03005659510466846	vapor
224.42211055276383	4.0	42.79124388853977	0.023369266913687854	583.8256852599053	677.3027529146568	3.92407887148778	1.718809035615906	2.9646730867153717	356.0509310400573	7.491847331081617	9.75772513617123e-06	0.030112738958137715	vapor
225.7035175879397	4.0	42.32231455475053	0.023628197335624067	586.5724683180936	681.08525766059	3.940885425833013	1.7163105131114051	2.9392563874363336	357.99440862575534	7.399855425090019	9.790086303474886e-06	0.030173758069933755	vapor
226.9849246231156	4.0	41.86803141215284	0.023884571742958393	589.297861831675	684.8361488035086	3.957457157233048	1.7140036781902108	2.9153110195849936	359.9076676775994	7.309762771618775	9.822911520621536e-06	0.030239297814411387	vapor
228.26633165829148	4.0	41.42756319060191	0.024138518488262328	592.0031634909568	688.5572374440061	3.9738046664105275	1.7118789310235074	2.89272318790691	361.7919806862228	7.221503473121108	9.856163031555798e-06	0.030309042022069646	vapor
229.54773869346735	4.0	41.00014734760199	0.02439015624802353	594.6895716878159	692.2501966799102	3.989937773145074	1.7099274737065977	2.8713910132824525	363.648530599476	7.135014821528777	9.889806583186807e-06	0.030382707872238422	vapor
230.82914572864323	4.0	40.585082671887825	0.024639594998106844	597.3581958591038	695.916575851531	4.005865595552869	1.708141216294988	2.8512229786250076	365.4784195672217	7.050237110568728	9.923811022614595e-06	0.030460041589815537	vapor
232.1105527638191	4.0	40.18172286001852	0.02488693686638849	600.0100654898407	699.5578129553946	4.0215966192584665	1.7065126974783122	2.8321366163304216	367.28267659193205	6.967113458532887	9.958147950157126e-06	0.030540814800243413	vapor
233.39195979899498	4.0	39.78947091558111	0.02513227688102812	602.6461379831029	703.1752455072154	4.037138757999124	1.7050350171140891	2.814057393999387	369.0622642527084	6.88558964180526	9.9927914191799e-06	0.03062482142667263	vapor
234.67336683417088	4.0	39.40777424717605	0.025375703629637487	605.267305566657	706.7701200852069	4.052499406930647	1.7037017784357167	2.79691776386248	370.818084640219	6.805613939058615	1.0027717675370716e-05	0.030711875036319124	vapor
235.95477386934675	4.0	39.03612036267453	0.025617299842024713	607.8744013769568	710.3436007450556	4.067685489686412	1.7025070382055636	2.7806563481158872	372.5509846160417	6.727136985784604	1.0062904929412233e-05	0.030801806560979465	vapor
237.23618090452263	4.0	38.67403307444195	0.02585714290710627	610.4682048373883	713.8967764658133	4.082703500065694	1.7014452634374617	2.7652172376887103	374.26176049066225	6.650111638670676	1.0098333158055635e-05	0.03089446233081965	vapor
238.5175879396985	4.0	38.32106914419044	0.02609530533287854	613.0494464284285	717.4306677599427	4.097559539085094	1.7005112935880495	2.7505493861545744	375.9511621988398	6.574492849255605	1.013398392944752e-05	0.030989702371711	vapor
239.79899497487438	4.0	37.976815307526145	0.026331855156949472	615.61881193174	720.9462325595377	4.112259348010532	1.6997003073314805	2.7366060838281765	377.6198970384463	6.500237546258803	1.016984024925044e-05	0.031087398925315576	vapor
241.08040201005025	4.0	37.6408856276144	0.026566856313985667	618.1769462173874	724.4443714733301	4.126808337891911	1.6990077932010987	2.7233444997453553	379.26863302858413	6.427304525973076	1.0205886424658945e-05	0.031187435158236285	vapor
242.36180904522615	4.0	37.31291913510382	0.026800368965482647	620.7244566328217	727.9259324947524	4.141211616043759	1.698429523515097	2.710725281360172	380.8980019343275	6.355654350124352	1.0242107943873144e-05	0.031289704032315076	vapor
243.64321608040203	4.0	36.9925777178458	0.027032449796478616	623.2619160435258	731.3917152294403	4.155474009849952	1.6979615311090326	2.698712203516623	382.508601998446	6.285249250628191	1.0278491368970476e-05	0.03139410731281093	vapor
244.9246231155779	4.0	36.67954422926927	0.02726315228317443	625.7898655679751	734.8424747006728	4.169600088216181	1.6976000884824136	2.6872718596521654	384.10100041466757	6.2160530407058285	1.0315024240429602e-05	0.031500554694996616	vapor
246.20603015075378	4.0	36.37352078872063	0.02749252693487121	628.3088170434836	738.2789247829686	4.183594180948375	1.6973416890340873	2.676373389332097	385.67573557220203	6.148031031859398	1.0351694991820343e-05	0.03160896303281064	vapor
247.48743718592965	4.0	36.07422725081477	0.027720621513172235	630.8192552544375	741.7017413071263	4.1974603962970365	1.6971830301155144	2.6659882371497985	387.233319097184	6.081149956243433	1.0388492873390223e-05	0.03171925565576839	vapor
248.76884422110555	4.0	35.78139982399002	0.027947481231003695	633.3216399501264	745.1115648741413	4.211202636875187	1.6971209976748838	2.6560899387985506	388.7742377132845	6.015377894006961	1.0425407883459812e-05	0.031831361762436616	vapor
250.05025125628143	4.0	35.494789821123334	0.028173148933675025	635.8164076757682	748.5090034104683	4.224824614130265	1.6971526523007263	2.646653930758097	390.29895494084224	5.950684205216428	1.0462430706691279e-05	0.031945215880543464	vapor
251.3316582914573	4.0	35.21416252732116	0.028397665263915985	638.3039734372435	751.8946344929075	4.238329861527122	1.6972752165027725	2.6376573805685757	391.80791265141596	5.887039466003182	1.0499552658423098e-05	0.03206075738523961	vapor
252.61306532663318	4.0	34.93929617192659	0.028621068812585037	640.7847322174488	755.2690074677889	4.25172174657941	1.6974860630917057	2.629079035105888	393.3015324925619	5.824415408610657	1.0536765634372459e-05	0.0321779300682627	vapor
253.89447236180905	4.0	34.66998099342832	0.02884339625653529	643.2590603599283	758.6326453860696	4.265003481849628	1.697782704539145	2.6208990846422617	394.78021719584603	5.762784865045393	1.057406206509949e-05	0.03229668175177515	vapor
255.17587939698493	4.0	34.40601838736667	0.02906468248494524	645.7273168335364	761.9860467733173	4.27817813502356	1.6981627832155266	2.613099040786281	396.2443517795616	5.7021217140623754	1.0611434874705388e-05	0.03241696394150773	vapor
256.4572864321608	4.0	34.147220128544134	0.029284960715267306	648.1898443902214	765.3296872512906	4.291248638152243	1.6986240624171558	2.6056616266586055	397.69430465629034	5.642400831239123	1.0648877443304333e-05	0.03253873151457977	vapor
257.7386934673367	4.0	33.89340765989354	0.029504262599812633	650.6469706266038	768.6640210258543	4.3042177961436945	1.6991644181050816	2.5985706778812814	399.1304286542936	5.583598041915203	1.0686383572866031e-05	0.032661942437981	vapor
259.0201005025126	4.0	33.6444114412597	0.029722618323875738	653.0990089587839	771.9894822542869	4.317088294577247	1.699781831288065	2.5918110531467153	400.5530619607249	5.525690076792941	1.0723947456075462e-05	0.03278655751422727	vapor
260.30150753768845	4.0	33.40007035213519	0.029940056696200115	655.546259518744	775.3064863035444	4.329862706905105	1.7004743809900156	2.585368553292723	401.96252899377856	5.468654530013473	1.0761563647898809e-05	0.03291254015115453	vapor
261.5829145728643	4.0	33.16023114307082	0.03015660523249883	657.9890099797768	778.6154309097722	4.3425435010985955	1.7012402377491846	2.5792298479470617	403.3591412101307	5.412469819538117	1.0799227039581526e-05	0.033039856153203484	vapor
262.8643216080402	4.0	32.9247479310754	0.030372290232666257	660.4275363175569	781.9166972482219	4.35513304579035	1.7020776576023255	2.5733824089222597	404.7431978533651	5.357115149679421	1.0836932834836205e-05	0.033168473531869094	vapor
264.1457286432161	4.0	32.69348173483727	0.030587136852249897	662.8621035127594	785.210650921759	4.3676336159581775	1.7029849765121037	2.567814449642458	406.1149866484835	5.302570475639502	1.0874676528005676e-05	0.033298362333288076	vapor
265.427135678392	4.0	32.46630004605393	0.030801169168691384	665.2929662005092	788.4976428752747	4.380047398191546	1.7039606052004401	2.562514869970981	407.47478444709316	5.248816469924857	1.0912453884011003e-05	0.03342949448116554	vapor
266.70854271356785	4.0	32.24307643355429	0.0310144102427935	667.7203692713841	791.7780102425581	4.3923764955773885	1.7050030243542809	2.5574732058825114	408.822857827398	5.1958344905175755	1.0950260919914943e-05	0.03356184363347422	vapor
267.9899497487437	4.0	32.02369017724759	0.031226882175823912	670.144548428222	795.0520771315179	4.4046229322382215	1.7061107801736126	2.552679583488891	410.1594636527286	5.143606550692313	1.0988093887949895e-05	0.033695385051525376	vapor
269.2713567839196	4.0	31.80802592924197	0.03143860616262492	672.5657307025466	798.3201553530462	4.416788657552201	1.7072824802344753	2.5481246769841572	411.48484959197384	5.092115290377221	1.102594925987562e-05	0.0338300954801865	vapor
270.5527638190955	4.0	31.595973399747486	0.03164960254106278	674.9841349340456	801.5825450982967	4.428875550081882	1.7085167896422575	2.543799670123672	412.7992546049733	5.041343948964601	1.1063823712546164e-05	0.03396595303814883	vapor
271.8341708542714	4.0	31.387427065619224	0.0318598908381174	677.3999722162096	804.8395355686791	4.440885421235806	1.7098124274528723	2.539696220895241	414.102909395633	4.99127633948447	1.1101714114577863e-05	0.03410293711727794	vapor
273.11557788944725	4.0	31.182285899609713	0.03206948981288496	679.8134463109279	808.0914055624677	4.452820018684735	1.7111681633413791	2.5358064290777027	415.39603683528435	4.941896824060274	1.1139617514021472e-05	0.034241028290181795	vapor
274.3969849246231	4.0	30.98045311858914	0.032278417496739965	682.2247540345788	811.3384240215387	4.46468102955229	1.7125828144994566	2.532122806415505	416.6788523585699	4.893190290572232	1.1177531126951234e-05	0.03438020822522868	vapor
275.678391959799	4.0	30.78183594916053	0.032486691230880646	684.6340856179143	814.5808505414369	4.476470083397926	1.7140552427446876	2.5286382491666965	417.95156433394357	4.845142130458774	1.1215452326892142e-05	0.03452045960832558	vapor
276.9597989949749	4.0	30.58634540924682	0.03269432770146123	687.0416250418219	817.818935847667	4.488188755008492	1.715584351826092	2.5253460128073333	419.21437441068696	4.797738217591688	1.1253378635014745e-05	0.03466176607084369	vapor
278.2412060301508	4.0	30.39389610436123	0.032901342972496035	689.4475503508643	821.0529222408487	4.499838567013214	1.7171690849116108	2.5222396886977716	420.4674778441803	4.750964888164758	1.1291307711033165e-05	0.0348041121231387	vapor
279.52261306532665	4.0	30.204406037391553	0.03310775251670401	691.8520339463169	824.283044013133	4.5114209923355295	1.7188084222444207	2.519313182536212	421.7110638010173	4.704808921539983	1.1329237344748675e-05	0.034947483093172436	vapor
280.8040201005025	4.0	30.017796430836498	0.03331357124444771	694.2552428602819	827.5095278380726	4.52293745649409	1.720501378956012	2.5165606944424903	422.94531564542103	4.659257521998946	1.136716544818605e-05	0.03509186506978901	vapor
282.0854271356784	4.0	29.833991560528275	0.033518813530906987	696.6573390123085	830.7325931359364	4.534389339764148	1.7222470030249108	2.513976700530715	424.17041120829884	4.614298301350605	1.1405090048275235e-05	0.03523724485024854	vapor
283.3668341708543	4.0	29.65291859996177	0.033723493241616	699.0584794498316	833.9524524162956	4.54577797920957	1.7240443733707937	2.511555935843229	425.3865230401582	4.569919262349622	1.144300928003489e-05	0.035383609891652505	vapor
284.6482412060302	4.0	29.474507474428286	0.03392762375648134	701.4588165736293	837.1693115995548	4.557104670594831	1.7258925980745463	2.509293378530745	426.59381864901707	4.52610878288246	1.1480921380218544e-05	0.03553094826594115	vapor
285.92964824120605	4.0	29.298690724221892	0.0341312179923889	703.8584983493963	840.3833703189522	4.5683706701856615	1.7277908127155164	2.5071842351745284	427.7924607243424	4.482855600881046	1.151882468138741e-05	0.035679248618160964	vapor
287.2110552763819	4.0	29.125403376249057	0.03433428842449859	706.2576685064361	843.5948222044304	4.579577196446132	1.7297381788178892	2.5052239271562953	428.98260734797407	4.440148799926288	1.155671760637713e-05	0.035828500127739776	vapor
288.4924623115578	4.0	28.954582823429455	0.034536847106317846	708.6564667243996	846.8038551496711	4.590725431639476	1.731733882398692	2.5034080779903527	430.16441219291613	4.397977795506056	1.1594598663128646e-05	0.035978692472526656	vapor
289.7738693467337	4.0	28.786168711327118	0.03473890568863749	711.0550288089153	850.0106515634653	4.601816523339287	1.733777132610513	2.5017325015403293	431.33802471080867	4.356332321894278	1.1632466439855806e-05	0.03612981579537578	vapor
291.05527638190955	4.0	28.620102831497544	0.034940475437406915	713.4534868568927	853.2153886065205	4.6128515858571895	1.7358671604724993	2.5001931910499544	432.5035903088324	4.315202419619868	1.1670319600524768e-05	0.03628186067307392	vapor
292.33668341708545	4.0	28.456329021078684	0.03514156725061978	715.8519694122139	856.4182384146933	4.62383170159264	1.7380032176836924	2.498786308923679	433.6612505167419	4.274578423495879	1.1708156880622302e-05	0.036434818087433395	vapor
293.6180904522613	4.0	28.294793068192114	0.035342191674275235	718.250601612476	859.619368309577	4.634757922310042	1.7401845755131462	2.497508177198628	434.81114314466896	4.2344509511811825	1.1745977083191982e-05	0.036588679398376456	vapor
294.8994974874372	4.0	28.135442622755065	0.03554235891747554	720.6495053273953	862.8189409972977	4.645631270347968	1.7424105237617162	2.496355268654547	435.95340243229555	4.194810892248305	1.1783779075119035e-05	0.03674343631886963	vapor
296.1809045226131	4.0	27.978227112336167	0.0357420788667156	723.0487992894313	866.0171147562937	4.656452739764914	1.744680369790732	2.4953241985130172	437.0881591899458	4.155649397732837	1.1821561783646074e-05	0.03689908089156296	vapor
297.46231155778895	4.0	27.823097662715924	0.03594136109941635	725.4485992171549	869.2140436148205	4.667223297425671	1.7469934376131115	2.4944117166814044	438.2155409321135	4.1169578701408085	1.1859324193103508e-05	0.03705560546700905	vapor
298.74371859296485	4.0	27.670007022839826	0.03614021489674953	727.8490179318388	872.4098775188371	4.677943884032111	1.7493490670428031	2.493614700500831	439.3356720038977	4.078727953892155	1.1897065341839635e-05	0.03721300268334696	vapor
300.0251256281407	4.0	27.518909493875356	0.0363386492557985	730.2501654677126	875.6047624909066	4.688615415101887	1.7517466128986925	2.4929301479608124	440.4486737007925	4.040951526179233	1.1934784319336547e-05	0.0373712654473451	vapor
301.3065326633166	4.0	27.369760862106478	0.036536672901095864	732.652149176297	878.7988407806804	4.699238781898278	1.7541854442594158	2.492355171346399	441.5546643822411	4.003620688220662	1.1972480263499168e-05	0.03753038691670531	vapor
302.5879396984925	4.0	27.222518335418865	0.036734294295576356	735.0550738251981	881.9922510075035	4.709814852314215	1.7566649437657211	2.4918869912863904	442.6537595793371	3.9667277568918418	1.2010152358105648e-05	0.03769036048353481	vapor
303.86934673366835	4.0	27.077140483147637	0.03693152165098022	737.4590416917109	885.185128295632	4.720344471713272	1.7591845069672958	2.4915229311738187	443.74607209703095	3.9302652567143204	1.2047799830408302e-05	0.037851179758909496	vapor
305.1507537688442	4.0	26.93358717907599	0.03712836293774022	739.8641526515692	888.37760440253	4.730828463730202	1.761743541711141	2.491260411932185	444.8317121111739	3.894225912187295	1.2085421948875015e-05	0.03801283855845246	vapor
306.4321608040201	4.0	26.791819547388624	0.03732482589438272	742.2705042631324	891.5698078406633	4.741267631033484	1.7643414675688078	2.491096947103063	445.91078726070856	3.8586026404453504	1.2123018021061816e-05	0.038175330888850126	vapor
307.713567839196	4.0	26.65179991139784	0.03752091803647162	744.6781918473074	894.7618639931939	4.751662756052042	1.76697771529996	2.491030138232608	446.9834027352967	3.8233885442272535	1.2160587391608083e-05	0.03833865093525113	vapor
308.9949748743719	4.0	26.513491744873203	0.03771664666512156	747.0873085634585	897.9538952239448	4.76201460166833	1.7696517263499199	2.491057670536282	448.0496613586546	3.7885769051415723	1.2198129440346387e-05	0.03850279304948217	vapor
310.27638190954775	4.0	26.376859625817584	0.037912018875105334	749.4979454815535	901.1460209819751	4.772323911879625	1.7723629523789945	2.491177308822686	449.10966366784714	3.754161177215482	1.223564358051958e-05	0.03866775173903075	vapor
311.5577889447236	4.0	26.241869192543355	0.03810704156257858	751.9101916507757	904.33835790109	4.782591412429434	1.7751108548215346	2.491386893658889	450.1635079887777	3.7201349807138224	1.2273129257098293e-05	0.03883352165673493	vapor
312.8391959798995	4.0	26.108487101912672	0.03830172143244338	754.3241341648089	907.5310198945829	4.792817811410657	1.777894904472801	2.4916843377609554	451.211290508094	3.686492096216228	1.2310585945192512e-05	0.03900009759114815	vapor
314.1206030150754	4.0	25.976680989614902	0.038496065005370984	756.7398582240012	910.7241182454851	4.803003799842091	1.7807145811018554	2.4920676225946257	452.2531053417165	3.6532264589406114	1.2348013148551239e-05	0.03916747445751735	vapor
315.4020100502513	4.0	25.846419432363152	0.038690078624502515	759.1574471945846	913.9177616925948	4.81315005221979	1.7835693730888	2.492534795172215	453.2890446001831	3.6203321533018853	1.2385410398144832e-05	0.03933564728934907	vapor
316.68341708542715	4.0	25.71767191189939	0.03888376846184537	761.576982665128	917.1120565125096	4.8232572270446035	1.7864587770847906	2.493083965032829	454.31919845098963	3.587803407695514	1.2422777250824885e-05	0.039504611230517246	vapor
317.964824120603	4.0	25.590408780705367	0.039077140524381895	763.9985445003829	920.3071065979107	4.833325967327253	1.7893822976933706	2.4937133013939428	455.34365517809863	3.5556345894957295	1.2460113288056871e-05	0.0396743615278817	vapor
319.2462311557789	4.0	25.464601229323172	0.03927020065990561	766.4222108926704	923.5030135322929	4.843356901072093	1.792339447171751	2.494421030463281	456.3625012387714	3.523820200258987	1.2497418114721154e-05	0.039844893524381045	vapor
320.5276381909548	4.0	25.340221255195296	0.03946295456259989	768.8480584109537	926.6998766613533	4.853350641740729	1.7953297451507493	2.495205432900681	457.37582131787707	3.492354871123485	1.2534691357978168e-05	0.04001620265257551	vapor
321.8090452261307	4.0	25.2172416329404	0.039655407778372356	771.2761620477247	929.8977931612142	4.863307788696542	1.7983527183721952	2.4960648414204236	458.3836983798145	3.461233358396178	1.2571932666194007e-05	0.04018828442860717	vapor
323.09045226130655	4.0	25.095635885985786	0.03984756570995805	773.7065952638284	933.0968581036608	4.873228927631115	1.801407900442682	2.4969976385251567	459.38621371818147	3.4304505393190188	1.2609141707922803e-05	0.040361134446550186	vapor
324.3718592964824	4.0	24.97537825948307	0.04003943362180324	776.1394300313426	936.2971645185556	4.883114630973514	1.8044948316025964	2.498002254363142	460.3834470033123	3.4000014080065575	1.2646318170942464e-05	0.04053474837313338	vapor
325.6532663316583	4.0	24.85644369443777	0.04023101664474127	778.5747368746149	939.4988034535802	4.892965458283244	1.8076130585094687	2.499077164701196	461.3754763278012	3.369881071547473	1.2683461761340745e-05	0.04070912194280384	vapor
326.9346733668342	4.0	24.73880780298828	0.04042231978047086	781.0125849095674	942.7018640314509	4.90278195662778	1.81076213403469	2.500220889006145	462.36237825011904	3.3400847462628485	1.2720572202648636e-05	0.0408842509531174	vapor
328.2160804020101	4.0	24.622446844773126	0.040613347905847176	783.453041881354	945.9064335047427	4.9125646609453915	1.8139416170727625	2.501431988628174	463.3442278364276	3.310607754114461	1.2757649235018414e-05	0.04106013126043091	vapor
329.49748743718595	4.0	24.50733770432974	0.040804105776994656	785.896174200466	949.1125973084446	4.922314094394017	1.8171510723622524	2.502709065079861	464.32109870068496	3.2814455192565157	1.2794692614443705e-05	0.04123675877588146	vapor
330.7788944723618	4.0	24.393457869470893	0.040994598033250895	788.3420469773681	952.3204391103718	4.932030768686861	1.8203900703176983	2.5040507584051235	465.2930630431355	3.252593564724722	1.2831702112019208e-05	0.041414129461631415	vapor
332.0603015075377	4.0	24.280785410588678	0.04118482920094945	790.7907240557408	955.5300408595388	4.941715184415352	1.8236581868717607	2.5054557456326783	466.26019168726674	3.22404750925679	1.2868677513237881e-05	0.041592239327369315	vapor
333.3417085427136	4.0	24.1692989608384	0.041374803697049864	793.2422680444043	958.7414828326039	4.951367831360093	1.8269550033269508	2.5069227393090086	467.2225541153155	3.1958030642386435	1.2905618617323338e-05	0.041771084427041555	vapor
334.6231155778895	4.0	24.058977697158014	0.04156452583262197	795.696740347995	961.954843678483	4.960989188790362	1.830280106216309	2.5084504861061085	468.1802185023978	3.1678560307710777	1.2942525236595644e-05	0.04195066085581083	vapor
335.90452261306535	4.0	23.94980132208101	0.041753999816191774	798.1542011964572	965.1702004612242	4.9705797257526925	1.8336330871724493	2.5100377654996318	469.1332517493329	3.140202296851664	1.2979397195868593e-05	0.04213096474722045	vapor
337.1859296482412	4.0	23.84175004630338	0.041943229756955205	800.6147096734087	968.3876287012297	4.980139901349061	1.837013542804431	2.511683388513349	470.08171951423043	3.1128378346670083	1.3016234331876676e-05	0.04231199227055826	vapor
338.4673366834171	4.0	23.734804571967185	0.04213221966786635	803.0783237434471	971.6072024149126	4.98967016500516	1.8404210745819303	2.513386196526058	471.0256862429012	3.085758697990677	1.3053036492730233e-05	0.04249373962839907	vapor
339.748743718593	4.0	23.628946076625965	0.042320973468605604	805.5451002784376	974.8289941528601	4.999170956729196	1.843855288726236	2.515145060137357	471.9652151981531	3.058961019682347	1.3089803537397136e-05	0.04267620305432636	vapor
341.03015075376885	4.0	23.524156197858506	0.042509494988433795	808.0150950828466	978.0530750365818	5.008642707361661	1.8473157961076254	2.516958878088933	472.9003684880265	3.032441009283845	1.3126535335209626e-05	0.0428593788108137	vapor
342.31155778894475	4.0	23.42041701849997	0.0426977879689372	810.4883629181571	981.2795147939061	5.01808583881647	1.8508022121486787	2.5188265762381956	473.83120709302375	3.0061949507080525	1.3163231765394947e-05	0.043043263187259616	vapor
343.5929648241206	4.0	23.31771105246078	0.04288585606666857	812.9649575264226	984.5083817930969	5.027500764313851	1.8543141567331558	2.520747106581314	474.7577908923807	2.9802192000167156	1.3199892716628546e-05	0.04322785249816746	vapor
344.8743718592965	4.0	23.216021231105387	0.043073702855688976	815.4449316529913	987.7397430757471	5.036887888605352	1.8578512541200538	2.5227194463228955	475.680178689429	2.9545101832834755	1.32365180866085e-05	0.04341314308145808	vapor
346.1557788944724	4.0	23.115330890164596	0.04326133183001472	817.9283370684493	990.973664388508	5.046247608191303	1.8614131328624857	2.524742596989688	476.59842823609176	2.92906439453851	1.3273107781650212e-05	0.0435991312969121	vapor
347.43718592964825	4.0	23.01562375715656	0.043448746405973744	820.4152245898149	994.2102102137097	5.0555803115310765	1.8649994257310796	2.526815583585901	477.5125962565557	2.903878393791389	1.3309661716300295e-05	0.043785813524730856	vapor
348.71859296482415	4.0	22.91688393929278	0.04363594992447565	822.9056441010238	997.4494437989267	5.064886379246424	1.8686097696415682	2.528937453787827	478.42273847015895	2.878948805128879	1.334617981296844e-05	0.04397318616420782	vapor
350.0	4.0	22.819095911847008	0.0438229456531987	825.3996445727374	1000.6914271855322	5.07416618431821	1.872243805586291	2.531107277175641	479.3289096135315	2.854272314884554	1.3382662001576646e-05	0.04416124563250898	vapor
