Temperature (K)	Pressure (MPa)	Density (kg/m3)	Volume (m3/kg)	Internal Energy (kJ/kg)	Enthalpy (kJ/kg)	Entropy (J/g*K)	Cv (J/g*K)	Cp (J/g*K)	Sound Spd. (m/s)	Joule-Thomson (K/MPa)	Viscosity (Pa*s)	Therm. Cond. (W/m*K)	Phase
95.0	0.5	446.04282381576263	0.0022419372011084045	-57.625272570872305	-56.50430397031777	-0.5566775288816467	2.142429018646963	3.3812483048871433	1502.597860778264	-0.4728745908764544	0.00018061822230341955	0.20642452007109058	liquid
96.28140703517587	0.5	444.3128058933046	0.002250666617608442	-53.29332503995306	-52.16799173114909	-0.511337324047688	2.1350962903475867	3.3868539297964873	1490.699804307921	-0.46961513139759803	0.0001738460051305795	0.20482389010615276	liquid
97.56281407035176	0.5	442.5737910272729	0.002259510211119521	-48.95404830148745	-47.82429319592759	-0.4665203733410986	2.127960551195034	3.3927731653199915	1478.718703094853	-0.4662099053506431	0.00016750141921317895	0.20320031378325806	liquid
98.84422110552764	0.5	440.82543381079785	0.002268471651817621	-44.60705476401354	-43.47281893810542	-0.4222090548847156	2.1209967425543743	3.3989875331991026	1466.657744959794	-0.4626578901310418	0.0001615466573947019	0.20155546937363086	liquid
100.12562814070351	0.5	439.0673804750026	0.0022775547546213877	-40.251977164262016	-39.11319978695094	-0.3783866314630734	2.1141839392784147	3.4054837754020655	1454.5195623033621	-0.4589569581980474	0.0001559480020456955	0.1998909287594764	liquid
101.4070351758794	0.5	437.29926749319816	0.002286763492041647	-35.88846232464922	-34.74508057862899	-0.33503714349203556	2.107504726955149	3.4122531866398	1442.3062826036085	-0.45510397312874973	0.00015067531111978295	0.19820816344945447	liquid
102.68844221105527	0.5	435.5207202002638	0.0022961020075925984	-31.516165694281526	-30.368114690485346	-0.2921453163861228	2.1009446735007895	3.4192910565626375	1430.01957207743	-0.45109486622826833	0.0001457015753276465	0.19650855013425697	liquid
103.96984924623115	0.5	433.731351409583	0.002305574629894983	-27.134746543239793	-25.98195922829185	-0.24969647999080144	2.0944918807129524	3.4265962061097586	1417.6606732203315	-0.446924695899548	0.00014100253589601787	0.19479337581414058	liquid
105.25125628140704	0.5	431.9307600107695	0.0023151858876063066	-22.743863698112214	-21.5862707543091	-0.20767649812109706	2.0881366036860864	3.434170605073408	1405.2304368615937	-0.44258769161786954	0.00013655635402004014	0.19306384252696868	liquid
106.53266331658291	0.5	430.11852953192505	0.002324940525320419	-18.343171721882705	-17.180701459223013	-0.1660717065567416	2.081870927901412	3.442019060124819	1392.729349296546	-0.43807728402997403	0.00013234332449174211	0.19132107170229842	liquid
107.8140703517588	0.5	428.29422665033604	0.002334843520588501	-13.93231745384112	-12.764895693546261	-0.12486885809936786	2.075688495402656	3.4501489644029033	1380.1575549863226	-0.4333861224025791	0.00012834562713989983	0.18956610816423672	liquid
109.09547738693468	0.5	426.4573996353481	0.002344900102226089	-9.510936835544847	-8.338486784432535	-0.08405507350819467	2.0695842728096596	3.4585701013504946	1367.5148752486073	-0.42850608037625376	0.00012454711068435467	0.1877999238032076	liquid
110.37688442211055	0.5	424.6075767066785	0.0023551157700862366	-5.078651957379831	-3.901094072336218	-0.04361779730484014	2.0635543550489706	3.467294496848135	1354.8008233008834	-0.42342825073360707	0.00012093310442175346	0.1860234209343058	liquid
111.65829145728644	0.5	422.7442642906123	0.0023654963164977624	-0.6350682670746741	0.547679891173642	-0.0035447575808080427	2.0575957996294143	3.4763363148846813	1342.0146159599853	-0.41814292966095745	0.00011749025384499662	0.18423743535760084	liquid
112.93969849246231	0.5	420.86694515536385	0.0023760478495902025	3.8202281130036178	5.008252037798478	0.03617607094098142	2.0517064870920527	3.4857117930546284	1329.1551822486506	-0.41263959076536155	0.00011420637687656447	0.18244273913349637	liquid
114.2211055276382	0.5	418.97507640537094	0.0023867768187539394	8.287673008836604	9.481061418212974	0.07555650124399456	2.045885003942001	3.495439215116339	1316.2211691097043	-0.40690684889889583	0.00011107033788384497	0.18064004308408757	liquid
115.50251256281408	0.5	417.06808731234713	0.00239769004251598	12.767726804044202	13.966571825301855	0.11460816633131361	2.040130544945426	3.505538918711407	1303.2109443819731	-0.40093241363474547	0.00010807193705709537	0.17882999902928684	liquid
116.78391959798995	0.5	415.14537695852647	0.0024087947391496574	17.260877079618346	18.465274449192645	0.1533425500296896	2.0344428321656545	3.5160333371609793	1290.1225971470235	-0.3947030320289448	0.00010520181307989299	0.17701320176431418	liquid
118.06532663316582	0.5	413.2063116646353	0.0024200985603811775	21.76764132728547	22.97769060747658	0.191771016752743	2.028822048532085	3.526947075042937	1276.9539355127233	-0.3882044200825406	0.0001024513573179208	0.17519019078295264	liquid
119.34673366834171	0.5	411.25022217158215	0.0024316096286089764	26.28856977983516	27.504374594139694	0.22990484065736594	2.0232687840969996	3.538307018042369	1263.7024818563257	-0.3814211820842199	9.98126380030814e-05	0.1733614517486262	liquid
120.62814070351759	0.5	409.2764005406452	0.002443336578114501	30.824248402815677	32.04591669187351	0.26775523460448675	2.017783993448394	3.5501424783791617	1250.3654655064367	-0.3743367167568107	9.727833310331114e-05	0.17152741771295005	liquid
121.90954773869348	0.5	407.284096731844	0.0024552886008176265	35.37530209421985	36.60294639462852	0.3053333793231924	2.0123689630210104	3.562485377982741	1236.9398127975608	-0.366933108843078	9.484167074989712e-05	0.1696884700787335	liquid
123.19095477386935	0.5	405.2725148140859	0.0024674754972187998	39.942398142093666	41.17613589070304	0.34265045317557	2.007025287290189	3.5753704725324997	1223.422134382664	-0.35919100443807944	9.249637624849569e-05	0.167844939301548	liquid
124.47236180904522	0.5	403.24080875337665	0.002479907733276081	44.52624999461953	45.7662038612574	0.37971766292853393	2.001754853051391	3.5888356205542884	1209.808709636007	-0.351089467993899	9.023662483155281e-05	0.1659971053207388	liquid
125.7537688442211	0.5	401.1880777165539	0.002492596504092818	49.12762140330936	50.37391965535619	0.4165462759588263	1.99655983118835	3.6029221029995537	1196.095467919101	-0.3426058184739937	8.805699942180229e-05	0.16414519770709582	liquid
127.03517587939699	0.5	399.1133608174022	0.0025055538054450364	53.74733100772631	55.000107910448136	0.4531476543493978	1.9914426755212005	3.6176750001920706	1182.277966414523	-0.33371544159956157	8.595245277191353e-05	0.1622893955102165	liquid
128.31658291457288	0.5	397.01563121912176	0.00251879251436344	58.386257439952985	59.64565369713488	0.48953329138061247	1.9864061285084083	3.6331436347745827	1168.3513641530194	-0.3243915744866079	8.391827342648687e-05	0.16042982678368914	liquid
129.59798994974875	0.5	394.89378949148727	0.002532326480210591	63.04534503931561	64.31150827942018	0.5257148509808721	1.981453233759266	3.6493820914142505	1154.3103917650128	-0.3146050581896438	8.195005502151272e-05	0.15856656776047576	liquid
130.87939698492463	0.5	392.7466561018946	0.0025461706279698	67.72561028311716	68.9986955971023	0.5617042107804421	1.9765873555042963	3.6664498266446643	1140.149316374563	-0.3043240527087388	8.004366849467428e-05	0.15669964164397582	liquid
132.1608040201005	0.5	390.5729628960439	0.0025603410758008945	72.42814905812597	73.7083195960272	0.5975135095141353	1.9718122053764444	3.6844123854844506	1125.8619009157665	-0.2935137078309407	7.819523682891933e-05	0.1548290169720168	liquid
133.4422110552764	0.5	388.37134339497663	0.002574855269336884	77.15414492121164	78.44157255588036	0.6331551996475752	1.9671318770866264	3.703342245576493	1111.441356981801	-0.2821357817006604	7.640111199247262e-05	0.1529546055009013	liquid
134.72361809045225	0.5	386.14032169919426	0.002589732135715695	81.90487852703119	83.19974459488986	0.6686421062654254	1.9625508898442017	3.7233198148042366	1096.8802901055365	-0.2701481971606227	7.46578537718541e-05	0.15107625954432083	liquid
136.00502512562815	0.5	7.947271703159531	0.12582934588765077	482.5184013570325	545.4330743008579	4.083718766695781	1.6902054191580154	2.499024099861436	286.02006780984505	20.644549260790125	5.242968088467417e-06	0.015350921077140655	vapor
137.28643216080403	0.5	7.843575745233402	0.12749287219004768	484.87320338914515	548.619639484169	4.107039016344373	1.680531187199418	2.4750747555197963	288.07019595471223	20.16017401137647	5.30605575700431e-06	0.015452582442613156	vapor
138.5678391959799	0.5	7.743453435962215	0.129141346076389	487.20682468086716	551.7774977190616	4.129934451195617	1.6723319641082521	2.454099090830561	290.07898233041743	19.706159052854993	5.368162591578231e-06	0.015558883698416652	vapor
139.84924623115577	0.5	7.646650611396376	0.1307762118109104	489.5219365759819	554.910042481437	4.1524372740643924	1.6652698962367132	2.4354776462607837	292.0507169427451	19.27799607240542	5.4294148826277645e-06	0.015669276888179758	vapor
141.13065326633165	0.5	7.552946705793137	0.1323986569682792	491.82065354840745	558.019982032547	4.174573927990494	1.659096617805423	2.418751514862674	293.9888422072762	18.872129889533117	5.4899094995482704e-06	0.015783291941560067	vapor
142.41206030150755	0.5	7.462147790092487	0.13400967497959537	494.1046770956723	561.1095145854699	4.196366540397083	1.653628463699739	2.4035772662489765	295.89615985195707	18.485745717689454	5.549722348859987e-06	0.015900523506009154	vapor
143.69346733668343	0.5	7.37408145165278	0.13561011043292265	496.37539948929276	564.1804547057541	4.217833961567229	1.648728728856034	2.389695097527407	297.7749840088795	18.116601326496415	5.608914199686689e-06	0.016020620465676535	vapor
144.9748743718593	0.5	7.288592967016536	0.1372006921672474	498.63397905516797	567.2343251387916	4.238992517412727	1.6442949169418148	2.3769061716243507	299.6272546431665	17.762896169089228	5.66753472817244e-06	0.01614327749466278	vapor
146.25628140703517	0.5	7.205542393937081	0.13878205766181106	500.88139513377246	570.2724239646781	4.259856559634895	1.6402495416655218	2.3650563941083744	301.45462181867845	17.423170157425645	5.725625349062537e-06	0.01626822817699242	vapor
147.53768844221105	0.5	7.124802325021994	0.14035477117562178	503.1184884561599	573.2958740439708	4.280438871300032	1.6365334697142495	2.354024735643765	303.2585085384498	17.096225808906034	5.78322121630227e-06	0.016395239351466955	vapor
148.81909547738695	0.5	7.046256123564596	0.14191933737062554	505.34599100021694	576.3056596855297	4.300750968620481	1.6331010893158173	2.3437147838867447	305.04015783736264	16.781068600130673	5.840352650857836e-06	0.016524106426921373	vapor
150.10050251256283	0.5	6.969796515366531	0.14347621165055083	507.56454822369057	579.302654048966	4.320803327789142	1.6299167946270292	2.3340486021809808	306.8006682826497	16.476861388461117	5.897046171318691e-06	0.016654649475310555	vapor
151.3819095477387	0.5	6.895324446924519	0.14502580809609678	509.7747357484192	582.2876397964676	4.340605557377697	1.6269524213216418	2.32496224386061	308.5410209209799	16.182889639995018	5.953325247254077e-06	0.01678670995477469	vapor
152.66331658291458	0.5	6.822748145696515	0.146568505629327	511.9770719879105	585.261324802574	4.360166530951728	1.6241853715702184	2.316402459882203	310.26209989457834	15.898534924051479	6.009210857704096e-06	0.016920147947712988	vapor
153.94472361809045	0.5	6.751982335869134	0.14810465286433205	514.1720277957778	588.2243542279438	4.379494490419657	1.621597239798993	2.308324269968239	311.9647083535199	15.623254712051478	6.064721911639865e-06	0.017054839823466016	vapor
155.22613065326635	0.5	6.682947575519768	0.14963457197585822	516.3600339159229	591.177319903852	4.398597127697133	1.6191728029502912	2.300689160916395	313.6495808575301	15.356566973639096	6.119875569790846e-06	0.01719067625387077	vapor
156.5075376884422	0.5	6.615569689921281	0.15115856182778706	518.5414868023064	594.1207677161999	4.417481650176775	1.6168992765304075	2.2934637420493957	315.31739314448015	15.098038417078717	6.174687495288657e-06	0.017327560524341007	vapor
157.7889447236181	0.5	6.549779282075084	0.15267690053872818	520.7167532225773	597.0552034919413	4.436154833996597	1.6147657647814928	2.286618735060473	316.9687699121398	14.847275494548928	6.229172052355879e-06	0.017465407094374576	vapor
159.07035175879398	0.5	6.485511306133356	0.15418984761529886	522.8861739487681	599.9810977564175	4.4546230680257795	1.6127628528510616	2.280128209356632	318.6042910912755	14.603917503125858	6.283342466591427e-06	0.01760414037033871	vapor
160.35175879396985	0.5	6.422704692702262	0.15569764574981013	525.050066757716	602.8988896326211	4.472892390712008	1.6108823029795893	2.273968998322695	320.2244969648753	14.367631273076864	6.337210956468638e-06	0.017743693660633712	vapor
161.63316582914575	0.5	6.36130201746662	0.1572005223544234	527.2087289052866	605.8089900824983	4.490968521374601	1.609116826993748	2.2681202494627453	321.8298923978213	14.13810705781394	6.390788842923084e-06	0.01788400828930814	vapor
162.9145728643216	0.5	6.301249206393268	0.15869869088583208	529.3624391957651	608.7117846386811	4.508856887121219	1.607459914858995	2.262563074054317	323.420950374812	13.915055333315324	6.444086641992446e-06	0.01802503284930023	vapor
164.1959798994975	0.5	6.242495272132967	0.16019235200130397	531.5114597365493	611.6076357372011	4.526562646270033	1.6059057044841076	2.2572802711440123	324.9981149952767	13.698204285882905	6.497114144126079e-06	0.0181667225809782	vapor
165.47738693467338	0.5	6.184992077273399	0.16168169457718068	533.6560374454115	614.4968847340018	4.544090708942813	1.6044488819382825	2.252256107396328	326.5618040377388	13.487297821062414	6.549880482832348e-06	0.01830903886581582	vapor
166.75879396984925	0.5	6.128694120887347	0.1631668966137299	535.7964053607839	617.3798536676487	4.561445755335665	1.603084604140059	2.247476139177202	328.112411179156	13.28209396748231	6.602394194657362e-06	0.01845194882919832	vapor
168.04020100502512	0.5	6.0735583454341455	0.16464812604488427	537.9327837931471	620.2568468155893	4.578632252056963	1.6018084381970776	2.2429270668102395	329.6503079347103	13.082363580382975	6.654663272006057e-06	0.01859542505078219	vapor
169.321608040201	0.5	6.019543961554119	0.16612554146740066	540.0653813464727	623.128152080173	4.595654466835306	1.6006163131271431	2.2385966135464828	331.17584536853167	12.887889273085316	6.706695209968552e-06	0.018739445386007997	vapor
170.6030150753769	0.5	5.966612288678267	0.16759929280096086	542.1943958318896	625.9940422323699	4.612516481835645	1.5995044808273466	2.2344734236975974	332.68935561458375	12.698464522402839	6.758497048061079e-06	0.018883992908898157	vapor
171.88442211055278	0.5	5.9147266096827265	0.16906952188845822	544.3200150907297	628.8547760349588	4.629222205773238	1.5984694839905846	2.2305469757854315	334.19115323845557	12.513892907410394	6.810075407604429e-06	0.01902905599512501	vapor
173.16582914572865	0.5	5.863852038067148	0.1705363630439798	546.4424177403474	631.7105992623374	4.6457753849784345	1.5975081292790099	2.2268075075943083	335.68153646437355	12.333987451099404	6.861436525323522e-06	0.01917462857707824	vapor
174.44723618090453	0.5	5.813955396341313	0.17199994355465714	548.5617738533044	634.5617456306331	4.662179613537422	1.5966174645112243	2.223245950775282	337.1607882868466	12.15857004206824	6.912586283646969e-06	0.01932071062194559	vapor
175.7286432160804	0.5	5.765005104474426	0.17346038414152737	550.6782455783915	637.4084376491552	4.678438342612581	1.595794758947806	2.2198538732160875	338.62917748260423	11.987470919125618	6.963530238104774e-06	0.019467308914350813	vapor
177.0100502512563	0.5	5.716971077404159	0.1749177993837357	552.7919877103591	640.2508874022269	4.694554889029474	1.5950374859999172	2.2166234278093717	340.08695953558885	11.82052820598556	7.014273642159827e-06	0.019614438275479443	vapor
178.29145728643215	0.5	5.669824630723042	0.17637229810976984	554.9031482140064	643.0892972688912	4.7105324432043725	1.5943433078616622	2.213547306563471	341.5343774855116	11.65758748645186	7.064821469759239e-06	0.0197621234375755	vapor
179.57286432160805	0.5	5.6235383937624785	0.1778239837589054	557.0118687073335	645.9238605867861	4.7263740764758895	1.5937100616955744	2.210618699232797	342.97166270872066	11.49850141289638	7.115178435851634e-06	0.019910401950015373	vapor
180.85427135678393	0.5	5.578086229382832	0.17927295471562504	559.1182849077389	648.7547622655514	4.742082747895858	1.5931357470948468	2.20783125581942	344.39903563873463	11.343129342627622	7.165349015084191e-06	0.020059328793992113	vapor
182.1356783919598	0.5	5.5334431598540395	0.1807193046194366	561.222527044665	651.5821793543832	4.757661310527831	1.5926185146147673	2.205179052428949	345.8167064326879	11.19133699807733	7.215337458866272e-06	0.02020898399680866	vapor
183.4170854271357	0.5	5.489585298277431	0.18216312265223178	563.324720241641	654.4062815677569	4.773112517295885	1.5921566552161457	2.2026565600633936	347.2248755890411	11.042996147718595	7.265147810963883e-06	0.020359485894428122	vapor
184.69849246231155	0.5	5.4464897850570475	0.18360449380509136	565.4249848703113	657.2272317728568	4.788439026421782	1.5917485905003426	2.200258616009715	348.6237345211848	10.897984305356138	7.314783921770169e-06	0.020511016014479747	vapor
185.97989949748745	0.5	5.4041347289793915	0.18504349912624346	567.5234368787338	660.0451864418557	4.8036434064844835	1.5913928636423358	2.197980397541124	350.0134660909721	10.756184445963786	7.364249461380705e-06	0.020663870862344794	vapor
187.26130653266333	0.5	5.362499152505105	0.1864802159517074	569.6201880959879	662.8602960718417	4.818728141132579	1.5910881309479898	2.1958173976934536	351.3942451057211	10.617484736635456	7.413547931588174e-06	0.02081858744259217	vapor
188.5427135678392	0.5	5.321562940915361	0.18791471812000973	571.715346514927	665.6727055749317	4.833695633477377	1.5908331539760678	2.19376540291441	352.7662387818192	10.481778281501317	7.462682676898759e-06	0.0209763335423598	vapor
189.8241206030151	0.5	5.28130679499072	0.1893470761722255	573.8090165547322	668.482554640845	4.848548210191601	1.5906267921761803	2.191820472411551	354.1296071777105	10.348962879668514	7.511656894661701e-06	0.02114096125694809	vapor
191.10552763819095	0.5	5.241712186931078	0.19077735753848796	575.901299304776	671.28997807402	4.863288125336566	1.5904679960016954	2.189978919047391	355.4845035987523	10.218940795395918	7.560473644393975e-06	0.021288502965996447	vapor
192.38693467336685	0.5	5.202761319253015	0.1922056267120043	577.9922927511718	674.0951061071739	4.877917563938586	1.590355800462522	2.188237291648289	356.83107497617425	10.091618539821898	7.609135856373747e-06	0.021413750996833434	vapor
193.66834170854273	0.5	5.164437086425465	0.19363194541152676	580.0820919872644	676.898064693028	4.892438645333561	1.5902893190870806	2.1865923586088454	358.169462222145	9.966906663643186	7.657646339568609e-06	0.02154774980004497	vapor
194.9497487437186	0.5	5.126723039026645	0.19505637273314827	582.1707894092266	679.6989757758007	4.906853426297146	1.590267738266212	2.1850410926861175	359.4998005627701	9.844719560200678	7.706007788958232e-06	0.021685236793176146	vapor
196.23115577889448	0.5	5.089603350224967	0.19647896529221648	584.258474897819	682.4979575439271	4.921163903976386	1.5902903119544065	2.1835806568885725	360.8222198506628	9.724975278471248	7.754222792305003e-06	0.02182477636987369	vapor
197.51256281407035	0.5	5.053062784404359	0.19789977735609657	586.3452359873004	685.2951246653486	4.935372018637401	1.5903563567058652	2.1822083913738144	362.13684485858954	9.607595345496755	7.80229383642101e-06	0.021965729054646655	vapor
198.79396984924625	0.5	5.017086667770373	0.19931886096845258	588.4311580223947	688.0905885066209	4.949479656242573	1.590465247024679	2.180921801277019	363.4437955555529	9.492504597806992	7.850223312974926e-06	0.022107745910178882	vapor
200.0753768844221	0.5	4.981660860787818	0.20073626606566236	590.5163243041484	690.8844573369796	4.963488650869489	1.5906164110098644	2.1797185453989365	364.7431873665581	9.3796310214137	7.898013523878497e-06	0.022250613213770424	vapor
201.356783919598	0.5	4.946771732313565	0.20215204058593342	592.6008162254635	693.6768365184302	4.977400786983043	1.5908093262772705	2.17859642568841	366.035131417203	9.268905599969857	7.94566668628798e-06	0.02239418991514031	vapor
202.63819095477388	0.5	4.912406135299898	0.2035662305716404	594.6847133970145	696.4678286828349	4.9912178015710955	1.5910435161415288	2.177553377459858	367.31973476413344	9.160262170704417	7.99318493725306e-06	0.022538377995388412	vapor
203.91959798994975	0.5	4.878551383954299	0.2049788802653652	596.7680937642235	699.2575338969061	5.0049413861533125	1.5913185460422126	2.1765874602910165	368.59710061232346	9.053637287756205	8.040570338042416e-06	0.0226831067681676	vapor
205.20100502512565	0.5	4.845195232251142	0.20639003220008262	598.8510337159056	702.0460498159468	5.018573188672091	1.5916340201993293	2.1756968495506928	369.8673285200578	8.948970092544625	8.087824878172475e-06	0.02282832386059291	vapor
206.4824120603015	0.5	4.812325853699432	0.2077997272838993	600.9336081851603	704.8334718271101	5.032114815273679	1.5919895784841431	2.1748798285102717	371.1305145924248	8.846202190827771	8.13495047916344e-06	0.022973989697911583	vapor
207.7638190954774	0.5	4.779931822278533	0.209208004879725	603.0158907430423	707.6198931829048	5.045567831987125	1.592384893492138	2.1741347809963627	372.3867516640651	8.745277536111518	8.181948998044495e-06	0.02312007395925836	vapor
209.04522613065328	0.5	4.748002094461029	0.21061490288022194	605.0979536854978	710.4054051256087	5.058933766307974	1.592819667805715	2.173460184545323	373.6361294718605	8.646142319086248	8.22882223062797e-06	0.023266553206000656	vapor
210.32663316582915	0.5	4.716525992248288	0.21202045777835668	607.1798681140363	713.1900970032145	5.072214108693173	1.5932936314349382	2.1728546040234202	374.8787348181967	8.548744862780516	8.275571914570768e-06	0.023413409240300474	vapor
211.60804020100505	0.5	4.685493187150214	0.21342470473384997	609.2617040105546	715.9740563774795	5.085410313973181	1.5938065394253542	2.172316685679206	376.114651725382	8.453035523133895	8.322199732239334e-06	0.02356062793610827	vapor
212.8894472361809	0.5	4.654893685046053	0.21482767763580116	611.3435303067139	718.7573691246145	5.098523802686725	1.5943581696225522	2.171845151597233	377.3439615817638	8.358966594704139	8.36870731339336e-06	0.023708198385875352	vapor
214.1708542713568	0.5	4.624717811868015	0.21622940916174088	613.4254149482371	721.5401195291075	5.111555962343388	1.5949483205837707	2.1714387945245974	378.5667432800409	8.266492221236195	8.415096237701837e-06	0.02385611226422349	vapor
215.45226130653268	0.5	4.5949562000539075	0.217629930833349	615.5074249544688	724.3223903711431	5.124508148618705	1.5955768096274467	2.171096473043976	379.78307334823353	8.175568310833247	8.461368037104086e-06	0.02400436334435326	vapor
216.73366834170855	0.5	4.565599775719122	0.21902927306905506	617.5896264735179	727.1042630080455	5.137381686486174	1.5962434710121522	2.1708171070687974	380.99302607374125	8.086152455482415	8.507524198027123e-06	0.02415294712430585	vapor
218.01507537688443	0.5	4.536639746501981	0.2204274652337249	619.6720848332794	729.8858174501418	5.150177871290224	1.59694815423692	2.1705996736380513	382.19667362088387	7.998203854699256	8.553566163469955e-06	0.024301860533734215	vapor
219.2964824120603	0.5	4.508067590039932	0.22182453568562002	621.7548645886105	732.6671324314206	5.162897969763946	1.5976907224554326	2.1704432029898983	383.39408614229694	7.911683243067586	8.599495334964315e-06	0.02445110170068308	vapor
220.5778894472362	0.5	4.4798750430371355	0.22322051182080496	623.8380295649217	735.4482854753242	5.175543220995041	1.5984710509970395	2.1703467748948357	384.5853318845227	7.826552821461969	8.645313074420734e-06	0.024600669763785336	vapor
221.85929648241208	0.5	4.4520540908869135	0.2246154201151643	625.9216428984187	738.2293529560009	5.188114837343278	1.5992890259880097	2.1703095152305845	385.77047728811743	7.742776191751677	8.691020705867927e-06	0.02475056471929937	vapor
223.14070351758795	0.5	4.4245969578151465	0.22600928616417917	628.0057670732241	741.0104101553137	5.200614005312442	1.6001445430668395	2.170330592782201	386.94958708257144	7.660318294795151	8.736619517093047e-06	0.024900787295219457	vapor
224.42211055276383	0.5	4.397496097513109	0.22740213472060256	630.0904639555833	743.7915313158846	5.2130418863796235	1.601037506187828	2.1704092162521187	388.1227243763195	7.57914535154473	8.782110761189535e-06	0.025051338846661185	vapor
225.7035175879397	0.5	4.370744184230464	0.22879398973016427	632.1757948253526	746.5727896904347	5.225399617784414	1.6019678265075097	2.170544631465977	389.28995074210025	7.499224807090739	8.827495658018874e-06	0.025202221268144507	vapor
226.9849246231156	0.5	4.344334104301167	0.2301848743654261	634.2618204049492	749.3542575876622	5.237688313280496	1.6029354213488716	2.1707361187610945	390.45132629790606	7.420525277483728	8.872775395592053e-06	0.025353436919430802	vapor
228.26633165829148	0.5	4.318258948076964	0.23157481105789793	636.3486008859351	752.136006414884	5.249909063851829	1.603940213238599	2.170982990545436	391.6069097837508	7.343016499182624	8.917951131376085e-06	0.025504988562333415	vapor
229.54773869346735	0.5	4.292512002244809	0.23296382152852238	638.4361959533917	754.918106717653	5.2620629383956	1.604982129012912	2.171284589015764	392.7567586344651	7.2666692809849405	8.96302399353043e-06	0.02565687930648059	vapor
230.82914572864323	0.5	4.267086742506226	0.23435192681662267	640.5246648082368	757.7006282165481	5.274150984373857	1.606061098987821	2.1716402840245252	393.9009290487207	7.19145545830349	9.00799508207801e-06	0.025809112562452007	vapor
232.1105527638191	0.5	4.241976826598041	0.23573914730740642	642.6140661876161	760.4836398413192	5.286174228435714	1.6071770561899024	2.1720494710857112	395.03947605446643	7.11734784966173	9.05286547001482e-06	0.025961692001028828	vapor
233.39195979899498	0.5	4.2171760876353055	0.23712550275810973	644.7044583835091	763.2672097625639	5.298133677011776	1.6083299356439358	2.172511569510692	396.17245357095544	7.044320215287142	9.097636204362268e-06	0.026114621517543377	vapor
234.67336683417088	0.5	4.192678527758496	0.23851101232286065	646.7958992596612	766.0514054210915	5.31003031688245	1.6095196737139774	2.1730260206655956	397.2999144675244	6.972347217689114	9.142308307165583e-06	0.02626790520052674	vapor
235.95477386934675	0.5	4.168478312068239	0.2398956945763353	648.8884462669606	768.8362935551282	5.3218651157215895	1.6107462074946577	2.1735922863424406	398.421910619283	6.901404384114147	9.18688277644189e-06	0.026421547303983713	vapor
237.23618090452263	0.5	4.144569762831853	0.24127956753627708	650.9821564573681	771.6219402255066	5.333639022616884	1.6120094742496816	2.1742098472367455	399.53849295985856	6.831468070777698	9.231360587080835e-06	0.02657555222276717	vapor
238.5175879396985	0.5	4.120947353947064	0.24266264868494256	653.0770864964936	774.4084108389648	5.345352968568313	1.6133094108947164	2.1748782015248693	400.64971153133433	6.762515428777568	9.275742691700752e-06	0.026729924470596685	vapor
239.79899497487438	0.5	4.097605705649131	0.24404495498953405	655.1732926749196	777.1957701696865	5.357007866965868	1.6146459535219997	2.1755968635347522	401.7556155315126	6.6945243715993366	9.320030021463008e-06	0.02688466866036716	vapor
241.08040201005025	0.5	4.074539579448482	0.24542650292167667	657.2708309183544	779.9840823791928	5.3686046140477	1.6160190369641803	2.176365362504217	402.8562533586266	6.627473544129764	9.364223486847013e-06	0.027039789486432167	vapor
242.36180904522615	0.5	4.051743873286787	0.24680730847599133	659.3697567967002	782.773411034696	5.3801440893397565	1.6174285943950493	2.1771832414213423	403.9516726536169	6.5613422930985195	9.408323978388222e-06	0.027195291708614	vapor
243.64321608040203	0.5	4.029213616900106	0.24818738718781425	661.4701255321106	785.5638191260177	5.391627156077915	1.6188745569649596	2.1780500559417963	405.04192034008616	6.496110638873674	9.452332367381235e-06	0.02735118013772053	vapor
244.9246231155779	0.5	4.0069439673784535	0.2495667541501088	663.5719920061131	788.3553690811674	5.4030546616135755	1.6203568534688595	2.1789653733783787	406.1270426620354	6.43175924854054	9.49624950655004e-06	0.027507459622393322	vapor
246.20603015075378	0.5	3.9849302049117794	0.25094542402961323	665.675410765861	791.1481227806677	5.414427437803539	1.6218754100449932	2.1799287717582922	407.2070852194846	6.368269410197397	9.540076230687315e-06	0.02766413503712786	vapor
247.48743718592965	0.5	3.9631677287129166	0.2523234110822661	667.7804360295806	793.9421415707137	5.425746301385083	1.6234301499024357	2.180939838944023	408.28209300207106	6.305623008405715	9.583813357264386e-06	0.02782121127134025	vapor
248.76884422110555	0.5	3.9416520531086685	0.25370072916794584	669.8871216912737	796.7374862752466	5.437012054336924	1.6250209930757311	2.18199817181389	409.3521104207186	6.243802500735918	9.627461687013631e-06	0.02797869321936151	vapor
250.05025125628143	0.5	3.9203788037906753	0.25507739176456223	671.9955213247291	799.5342172070102	5.448225484226883	1.6266478562050086	2.1831033754986584	410.4171813374641	6.182790895353155	9.671022004484802e-06	0.028136585771271375	vapor
251.3316582914573	0.5	3.8993437142181966	0.25645341198153293	674.1056881868985	802.332394177665	5.459387364546873	1.6283106523400372	2.1842550626707977	411.47734909352374	6.122571729590815	9.714495078576654e-06	0.028294893804479405	vapor
252.61306532663318	0.5	3.8785426221654267	0.25782880257267626	676.217675220686	805.1320765070242	5.470498455035884	1.630009290766774	2.1854528528831834	412.532656535679	6.0631290494623125	9.757881663045184e-06	0.02845362217598768	vapor
253.89447236180905	0.5	3.8579714664063345	0.25920357594855176	678.3315350571946	807.9333230314704	5.481559501991576	1.6317436768550395	2.186696371954264	413.58314604105925	6.004447390064724	9.801182496989957e-06	0.028612775715270378	vapor
255.17587939698493	0.5	3.837626283530464	0.2605777441882745	680.4473200174779	810.7361921116151	5.492571238571045	1.6335137119260243	2.1879852513968743	414.6288595403912	5.9465117568302555	9.844398305319319e-06	0.028772359217712144	vapor
256.4572864321608	0.5	3.817503204883461	0.2619513190508317	682.565082113835	813.5407416392509	5.50353438508129	1.6353192931384215	2.189319127888085	415.66983853978854	5.889307607584033	9.887529799195951e-06	0.028932377438561037	vapor
257.7386934673367	0.5	3.79759845362646	0.26332431198592493	684.6848730506872	816.3470290436497	5.514449649259907	1.6371603133920132	2.1906976427775797	416.7061241411448	5.832820835369286	9.93057767646356e-06	0.029092835087352584	vapor
259.0201005025126	0.5	3.777908341908787	0.2646967341443626	686.8067442250741	819.1551112972555	5.525317726546461	1.63903666124764	2.192120441632288	417.7377570611968	5.777037752002736	9.973542622055804e-06	0.02925373682276552	vapor
260.30150753768845	0.5	3.7584292681487175	0.26606859638802466	688.9307467268018	821.965044920814	5.536139300345018	1.6409482208625161	2.1935871738150436	418.76477764931866	5.72194507232541	1.0016425308388277e-05	0.02941508724787641	vapor
261.5829145728643	0.5	3.7391577144173485	0.2674399092994194	691.056931338276	824.7768859879855	5.5469150422782185	1.6428948719399172	2.195097492095267	419.7872259041054	5.6675298991157685	1.0059226395734479e-05	0.029576890905786357	vapor
262.8643216080402	0.5	3.720090243920874	0.26881068319085377	693.1853485340486	827.5906901294753	5.557645612433346	1.6448764896923167	2.196651052289702	420.8051414888053	5.613779708634107	1.0101946532586545e-05	0.029739152275587263	vapor
264.1457286432161	0.5	3.7012234985768298	0.2701809281132343	695.3160484801069	830.4065125367239	5.5683316596006875	1.6468929448171026	2.1982475129314265	421.8185637456517	5.5606823367685125	1.0144586356001445e-05	0.029901875768651637	vapor
265.427135678392	0.5	3.682554196680088	0.27155065386451727	697.4490810329322	833.2244079651907	5.578973821504644	1.6489441034840453	2.199886534965406	422.8275317091519	5.508225965754664	1.0187146491933463e-05	0.030065065725215136	vapor
266.70854271356785	0.5	3.664079130654622	0.2729198699978242	699.5844957383496	836.0444307372616	5.589572725027833	1.651029827333735	2.201567781468995	423.83208411837956	5.4563991114428445	1.0229627555553567e-05	0.030228726411241993	vapor
267.9899497487437	0.5	3.6457951648872524	0.27428858582923854	701.7223418301969	838.8666347448162	5.600128986428541	1.653149973486244	2.203290917395873	424.8322594283226	5.405190611087324	1.0272030151556286e-05	0.03039286201554719	vapor
269.2713567839196	0.5	3.6276992336397944	0.27565681044529866	703.8626682288306	841.69107345148	5.610643211551844	1.6553043945593213	2.2050556093419784	425.8280958203313	5.354589611634262	1.0314354874454756e-05	0.03055747664716592	vapor
270.5527638190955	0.5	3.609788339036202	0.2770245527102001	706.0055235394886	844.5177998945886	5.621115996034623	1.6574929386954353	2.206861525332101	426.8196312117142	5.304585558485734	1.0356602308864424e-05	0.030722574332950912	vapor
271.8341708542714	0.5	3.59205954912147	0.2783918212727224	708.150956050532	847.3468666868933	5.631547925504801	1.6597154495970574	2.208708334625869	427.8069032645226	5.255168184718538	1.0398773029776026e-05	0.030888159015387405	vapor
273.11557788944725	0.5	3.574509995989241	0.27975862457289097	710.2990137315829	850.1783260180284	5.6419395757750035	1.661971766569563	2.2105957075419145	428.7899493935692	5.206327500737612	1.044086760281823e-05	0.031054234550610946	vapor
274.3969849246231	0.5	3.557136873975189	0.2811249708483877	712.4497442315721	853.0122296557661	5.652291513030925	1.6642617245712066	2.2125233152991206	429.7688067737187	5.158053784344828	1.0482886584510582e-05	0.031220804706618886	vapor
275.678391959799	0.5	3.5399374379134243	0.28249086814072016	714.6031948767148	855.8486289470749	5.662604294014593	1.6665851542696144	2.21449082987384	430.74351234649026	5.110337571204987	1.0524830522507e-05	0.03138787316166277	vapor
276.9597989949749	0.5	3.522909001453273	0.28385632430116114	716.7594126684278	858.6875748190083	5.6728784662027465	1.6689418821042943	2.216497923872127	431.7141028260099	5.063169645691699	1.0566699955830464e-05	0.0315554435028136	vapor
278.2412060301508	0.5	3.5060489354339346	0.2852213469964682	718.9184442812027	861.5291177794369	5.6831145679805735	1.6713317303546826	2.2185442704159906	432.6806147043484	5.01654103209679	1.0608495415099067e-05	0.03172351922468952	vapor
279.52261306532665	0.5	3.4893546663146346	0.2865859437143929	721.0803360604466	864.3733079176429	5.693313128810913	1.6737545172132549	2.2206295430427936	433.643084256281	4.970442986187446	1.0650217422744057e-05	0.03189210372833877	vapor
280.8040201005025	0.5	3.4728236746579926	0.28795012176898993	723.2451340203016	867.2201949047966	5.703474669399219	1.6762100568632887	2.222753415616946	434.60154754350003	4.924866987096386	1.0691866493220025e-05	0.03206120032026747	vapor
282.0854271356784	0.5	3.4564534936644655	0.28931388830573246	725.4128838414571	870.0698279943232	5.713599701854328	1.678698159560847	2.224915562253091	435.5560404183156	4.87980472953088	1.0733443133207692e-05	0.03223081221160877	vapor
283.3668341708543	0.5	3.4402417077557907	0.2906772503064445	727.5836308689585	872.9222560221806	5.723688729845316	1.6812186317206042	2.2271156572500117	436.5065985268734	4.835248116287125	1.0774947841809586e-05	0.03240094251742081	vapor
284.6482412060302	0.5	3.4241859512054753	0.2920402145940564	729.7574201100301	875.7775274070583	5.733742248754509	1.6837712760051373	2.2293533750345778	437.4532573119212	4.7911892510571334	1.0816381110738924e-05	0.032571594256113785	vapor
285.92964824120605	0.5	3.4082839068144626	0.2934027878371921	731.9342962319146	878.6356901505105	5.743760745826825	1.6863558914173409	2.2316283901150067	438.3960520151513	4.74762043151604	1.0857743424502009e-05	0.03274277034899258	vapor
287.2110552763819	0.5	3.3925333046301898	0.2947649765545948	734.1143035597387	881.4967918370362	5.753744700315618	1.6889722733956305	2.233940377042854	439.33501767914885	4.7045341426780425	1.0899035260574352e-05	0.03291447361991347	vapor
288.4924623115578	0.5	3.376931920707342	0.29612678711939716	736.2974860744147	884.3608796341133	5.763694583625081	1.6916202139116188	2.2362890103830795	440.2701891489691	4.661923050509926	1.0940257089570908e-05	0.03308670679504882	vapor
289.7738693467337	0.5	3.361477575908677	0.2974882257632432	738.4838874105793	887.2280002922009	5.773610859449421	1.6942995015699693	2.238673964691654	441.20160107337387	4.619779995791666	1.0981409375410514e-05	0.03325947250275329	vapor
291.05527638190955	0.5	3.3461681347443735	0.2988492985802681	740.6735508545838	890.0982001447178	5.783493983908847	1.6970099217101517	2.24109491450014	442.129287905747	4.578097988213851	1.1022492575474914e-05	0.033432773273526006	vapor
292.33668341708545	0.5	3.331001504248413	0.3002100115309416	742.8665193425342	892.9715251080049	5.79334440568254	1.6997512565098283	2.243551534306768	443.05328390471675	4.536870200702369	1.106350714076252e-05	0.03360661154006783	vapor
293.6180904522613	0.5	3.3159756328906047	0.30157037044578017	745.0628354583888	895.8480206812786	5.803162566138671	1.7025232850896193	2.246043498573482	443.9736231345036	4.496089963961146	1.1104453516037135e-05	0.0337809896374208	vapor
294.8994974874372	0.5	3.301088509522883	0.30293038102893316	747.2625414321216	898.7277319465883	5.812948899461604	1.705325783619021	2.248570481728546	444.8903394650183	4.455750761224088	1.1145332139971872e-05	0.033955909803195086	vapor
296.1809045226131	0.5	3.2863381623586	0.30429004886164895	749.4656791379485	901.610703568773	5.822703832776354	1.708158525423241	2.2511321581742445	445.80346657172896	4.415846223207819	1.1186143445288392e-05	0.03413137417787279	vapor
297.46231155778895	0.5	3.2717226579835743	0.3056493794056246	751.672290092628	904.4969797954404	5.8324277862704	1.7110212810907455	2.253728202299288	446.71303793531774	4.376370123257176	1.1226887858891748e-05	0.03430738480518575	vapor
298.74371859296485	0.5	3.2572401003977056	0.30700837800624553	753.8824154538341	907.3866044569569	5.842121173312959	1.713913818581322	2.2563582884955387	447.6190868411467	4.337316372675776	1.1267565802000947e-05	0.03448394363256415	vapor
300.0251256281407	0.5	3.242888630086062	0.30836704989571634	756.0960960186072	910.2796209664655	5.85178440057176	1.716835903334471	2.2590220911786822	448.52164637854816	4.298679016234261	1.1308177690275409e-05	0.034661052511653044	vapor
301.3065326633166	0.5	3.2286664231183138	0.3097254001960906	758.3133722218853	913.1760723199305	5.861417868127458	1.7197872983779448	2.261719284812524	449.4207494399607	4.260452227849137	1.1348723933937475e-05	0.034838713198892396	vapor
302.5879396984925	0.5	3.2145716902755104	0.3110834339222011	760.5342841351176	916.0760010962181	5.8710219695856924	1.7227677644362736	2.2644495439365624	450.31642871992426	4.222630306425566	1.1389204937891138e-05	0.03501692735615365	vapor
303.86934673366835	0.5	3.200602676203204	0.3124411559844958	762.7588714649629	918.9794494572108	5.880597092186947	1.7257770600391225	2.26721254319655	451.208716713951	4.185207671857525	1.142962110183715e-05	0.03519569655143536	vapor
305.1507537688442	0.5	3.18675765858997	0.3137985711917816	764.987173552076	921.8864591479668	5.8901436169141865	1.7288149416293375	2.270007957377755	452.09764571728675	4.148178861179174	1.1469972820384636e-05	0.035375022259614294	vapor
306.4321608040201	0.5	3.17303494737041	0.31515568425388135	767.2192293699788	924.7970714969196	5.899661918598418	1.731881163670535	2.2728354614406396	452.9832478235777	4.111538524861546	1.1510260483159292e-05	0.03555490586324125	vapor
307.713567839196	0.5	3.1594328839517805	0.3165124997842056	769.4550775240235	927.7113274161263	5.909152366022171	1.7349754787541156	2.2756947305587176	453.86555492345343	4.075281423248755	1.1550484474908407e-05	0.03573534865338825	vapor
308.9949748743719	0.5	3.1459498404634	0.3178690223022435	771.6947562504462	930.629267401568	5.918615322021033	1.7380976377055837	2.2785854401583325	454.7445987030433	4.03940242312841	1.1590645175602732e-05	0.03591635183053793	vapor
310.27638190954775	0.5	3.132584219028045	0.3192252562359752	773.9383034155104	933.5509315334979	5.928051143583197	1.7412473896900518	2.2815072659601454	455.6204106424334	4.0038964944308395	1.163074296053536e-05	0.03609791650551742	vapor
311.5577889447236	0.5	3.1193344510545535	0.32058120592420924	776.1857565147434	936.4763594768478	5.937460181947187	1.7444244823168435	2.284459884022108	456.49302201407886	3.9687587070522214	1.1670778200417718e-05	0.03628004370046476	vapor
312.8391959798995	0.5	3.1061989965509174	0.321936875618847	778.4371526722631	939.4055904816868	5.946842782697706	1.7476286617430767	2.287442970783729	457.3624638811802	3.93398422779674	1.1710751261472781e-05	0.03646273434984107	vapor
314.1206030150754	0.5	3.093176343457144	0.32329226948707745	780.692528640201	942.3386633837397	5.956199285859755	1.750859672776157	2.2904562031114355	458.2287670960354	3.89956831743316	1.1750662505525602e-05	0.03664598930146717	vapor
315.4020100502513	0.5	3.080265006997216	0.3246473916135047	782.9519207982125	945.2756166049649	5.965530025990984	1.7541172589750913	2.293499258344864	459.091962298376	3.8655063278613784	1.179051229009124e-05	0.03682980931759791	vapor
316.68341708542715	0.5	3.0674635290494927	0.32600224600221	785.2153651530836	948.2164881541887	5.974835332272387	1.7574011627505426	2.296571814343909	459.9520799136962	3.8317936993846464	1.1830300968460227e-05	0.037014195076023305	vapor
317.964824120603	0.5	3.054770477534932	0.32735683657875236	787.4828973384283	951.1613156278046	5.984115528597338	1.76071112546356	2.2996735495363736	460.80915015158456	3.7984259580834503	1.1870028889781638e-05	0.03719914717119757	vapor
319.2462311557789	0.5	3.042184445822534	0.3287111671921076	789.7545526144758	954.1101362105295	5.993370933659048	1.7640468875229203	2.3028041429660773	461.663203004064	3.7653987132870013	1.1909696399143818e-05	0.037384666115391	vapor
320.5276381909548	0.5	3.029704052151424	0.3300652416165499	792.0303658679519	957.0629866762268	6.002601861036449	1.7674081884810158	2.3059632743412855	462.5142682439498	3.732707655138669	1.1949303837652876e-05	0.037570752339867536	vapor
321.8090452261307	0.5	3.017327939069024	0.33141906355347744	794.3103716120474	960.0199033887861	6.011808619278553	1.7707947671282434	2.3091506240833346	463.3623754232302	3.7003485522516453	1.1988851542509032e-05	0.03775740619608215	vapor
323.09045226130655	0.5	3.0050547728847827	0.33277263663318296	796.5946039864792	962.9809223030707	6.020991511987359	1.7742063615858383	2.3123658733753243	464.2075538714775	3.668317249451336	1.2028339847080925e-05	0.037944627956894794	vapor
324.3718592964824	0.5	2.992883243138938	0.33412596441657355	798.883096757636	965.9460789659229	6.030150837899273	1.7776427093971126	2.3156087042107862	465.04983269429437	3.636609665601217	1.206776908097783e-05	0.03813241781780584	vapor
325.6532663316583	0.5	2.98081206208584	0.3354790503968387	801.1758833188151	968.9154085172344	6.03928689096514	1.7811035476170636	2.318878799442204	465.88924077180155	3.6052217915088294	1.2107139570120011e-05	0.03832077589820276	vapor
326.9346733668342	0.5	2.968839964191349	0.3368318980010697	803.4729966905439	971.8889456910787	6.048399960428887	1.7845886129002988	2.3221758428293002	466.7258067571711	3.574149687908861	1.214645163680714e-05	0.03850970224262359	vapor
328.2160804020101	0.5	2.9569657056438445	0.3381845105918338	805.7744695209866	974.8667248169035	6.057490330904811	1.7880976415872747	2.3254995190869994	467.55955907521104	3.5433894835203312	1.2185705599784963e-05	0.03869919682203013	vapor
329.49748743718595	0.5	2.9451880638784216	0.3395368914687006	808.0803340864343	977.8487798207843	6.066558282453562	1.791630369788794	2.3288495139329854	468.3905259210035	3.5129373731749656	1.2224901774310174e-05	0.03888925953509329	vapor
330.7788944723618	0.5	2.93350583711385	0.34088904386972585	810.3906222918791	980.8351442267423	6.075604090656817	1.7951865334687553	2.3322255141347696	469.2187352586021	3.482789616014083	1.2264040472213612e-05	0.039079890209485296	vapor
332.0603015075377	0.5	2.9219178439018694	0.34224097097289374	812.7053656716699	983.8258511581168	6.084628026690709	1.798765868525131	2.3356272075562154	470.0442148197911	3.4529425337512683	1.2303122001961851e-05	0.03927108860318354	vapor
333.3417085427136	0.5	2.910422922688466	0.3435926758975162	815.024595390243	986.8209333390012	6.0936303573979975	1.8023681108691514	2.339054283203436	470.8669921029085	3.423392508998305	1.2342146668717158e-05	0.03946285440577503	vapor
334.6231155778895	0.5	2.8990199313867193	0.34494416170559383	817.3483422429374	989.8204230957343	6.102611345359054	1.8059929965026893	2.342506431270008	471.6870943717379	3.3941359836519562	1.2381114774395948e-05	0.03965518723977017	vapor
335.90452261306535	0.5	2.8877077469608663	0.34629543140313906	819.6766366568834	992.8243523584529	6.111571248961651	1.8096402615938256	2.3459833431814694	472.504548654469	3.3651694573391264	1.2420026617725786e-05	0.03984808666191745	vapor
337.1859296482412	0.5	2.8764852650212447	0.3476464879414616	822.0095086919647	995.8327526626953	6.120510322469576	1.8133096425505995	2.349484711639018	473.3193817427313	3.336489485918282	1.2458882494300916e-05	0.040041552164523736	vapor
338.4673366834171	0.5	2.86535139942976	0.3489973342184181	824.3469880418575	998.8456551510667	6.129428816090149	1.8170008760929222	2.3530102306623863	474.13162019070046	3.308092680034803	1.2497682696636428e-05	0.040235583176769965	vapor
339.748743718593	0.5	2.85430508191557	0.35034797307962745	826.6891040351392	1001.8630905749532	6.138326976040571	1.8207136993226691	2.3565595956318477	474.9412903142807	3.2799757037282755	1.2536427514221095e-05	0.04043017906603295	vapor
341.03015075376885	0.5	2.8433452617006485	0.351698407319653	829.0358856364667	1004.885089296293	6.147205044613226	1.8244478497919359	2.360132503329317	475.74841819036334	3.2521352730896105	1.2575117233568872e-05	0.04062533913920302	vapor
342.31155778894475	0.5	2.832470905134952	0.3530486396831516	831.3873614478227	1007.9116812893986	6.156063260239882	1.8282030655694663	2.363728651978507	476.55302965616266	3.2245681549661596	1.261375213826917e-05	0.04082106264399991	vapor
343.5929648241206	0.5	2.821680995340881	0.35439867286599214	833.7435597098321	1010.9428961428283	6.164901857554859	1.831979085305255	2.3673477412841155	477.3551503086311	3.197271165712835	1.2652332509035937e-05	0.04101734877028697	vapor
344.8743718592965	0.5	2.8109745318667576	0.35574850951634335	836.1045083031378	1013.9787630613093	6.1737210674571505	1.8357756482933372	2.3709894724700216	478.15480550395205	3.1702411699875004	1.2690858623755483e-05	0.04121419665137887	vapor
346.1557788944724	0.5	2.800350530349057	0.3570981522357319	838.4702347498435	1017.0193108677094	6.18252111717155	1.8395924945327504	2.3746535483164544	478.95202035711253	3.143475079588952	1.2729330757533216e-05	0.04141160536534727	vapor
347.43718592964825	0.5	2.7898080221831125	0.35844760358007305	840.840766215015	1020.0645680050515	6.191302230308756	1.8434293647867157	2.3783396731961255	479.7468197415553	3.1169698523356812	1.2767749182739315e-05	0.04160957393631979	vapor
348.71859296482415	0.5	2.779346054202065	0.35979686606067285	843.2161295082431	1023.1145625385795	6.200064626924539	1.847286000640011	2.3820475531093104	480.53922828891007	3.0907224909839686	1.2806114169053191e-05	0.04180810133577115	vapor
350.0	0.5	2.7689636883637867	0.36114594214520446	845.5963510852637	1026.169322157866	6.208808523577917	1.851162144554573	2.3857768957178522	481.329270388804	3.0647300421837	1.2844425983507048e-05	0.04200718648381052	vapor
